324 
280 
1.603000E-01 0.000000E+00 7.500000E-01 
2.603000E-01 0.000000E+00 7.500000E-01 
2.603000E-01 0.000000E+00 5.000000E-01 
3.904500E-01 0.000000E+00 4.400000E-01 
3.904500E-01 0.000000E+00 6.000000E-02 
2.603000E-01 0.000000E+00 0.000000E+00 
2.603000E-01 0.000000E+00 -1.000000E+00 
1.603000E-01 0.000000E+00 -1.000000E+00 
1.603000E-01 0.000000E+00 7.500000E-01 
1.596547E-01 1.436918E-02 7.500000E-01 
2.592521E-01 2.333311E-02 7.500000E-01 
2.592521E-01 2.333311E-02 5.000000E-01 
3.888782E-01 3.499967E-02 4.400000E-01 
3.888782E-01 3.499967E-02 6.000000E-02 
2.592521E-01 2.333311E-02 0.000000E+00 
2.592521E-01 2.333311E-02 -1.000000E+00 
1.596547E-01 1.436918E-02 -1.000000E+00 
1.596547E-01 1.436918E-02 7.500000E-01 
1.577239E-01 2.862267E-02 7.500000E-01 
2.561169E-01 4.647836E-02 7.500000E-01 
2.561169E-01 4.647836E-02 5.000000E-01 
3.841753E-01 6.971754E-02 4.400000E-01 
3.841753E-01 6.971754E-02 6.000000E-02 
2.561169E-01 4.647836E-02 0.000000E+00 
2.561169E-01 4.647836E-02 -1.000000E+00 
1.577239E-01 2.862267E-02 -1.000000E+00 
1.577239E-01 2.862267E-02 7.500000E-01 
1.545232E-01 4.264571E-02 7.500000E-01 
2.509195E-01 6.924939E-02 7.500000E-01 
2.509195E-01 6.924939E-02 5.000000E-01 
3.763793E-01 1.038741E-01 4.400000E-01 
3.763793E-01 1.038741E-01 6.000000E-02 
2.509195E-01 6.924939E-02 0.000000E+00 
2.509195E-01 6.924939E-02 -1.000000E+00 
1.545232E-01 4.264571E-02 -1.000000E+00 
1.545232E-01 4.264571E-02 7.500000E-01 
1.500784E-01 5.632538E-02 7.500000E-01 
2.437019E-01 9.146287E-02 7.500000E-01 
2.437019E-01 9.146287E-02 5.000000E-01 
3.655529E-01 1.371943E-01 4.400000E-01 
3.655529E-01 1.371943E-01 6.000000E-02 
2.437019E-01 9.146287E-02 0.000000E+00 
2.437019E-01 9.146287E-02 -1.000000E+00 
1.500784E-01 5.632538E-02 -1.000000E+00 
1.500784E-01 5.632538E-02 7.500000E-01 
1.444253E-01 6.955156E-02 7.500000E-01 
2.345222E-01 1.129399E-01 7.500000E-01 
2.345222E-01 1.129399E-01 5.000000E-01 
3.517833E-01 1.694099E-01 4.400000E-01 
3.517833E-01 1.694099E-01 6.000000E-02 
2.345222E-01 1.129399E-01 0.000000E+00 
2.345222E-01 1.129399E-01 -1.000000E+00 
1.444253E-01 6.955156E-02 -1.000000E+00 
1.444253E-01 6.955156E-02 7.500000E-01 
1.376093E-01 8.221775E-02 7.500000E-01 
2.234542E-01 1.335077E-01 7.500000E-01 
2.234542E-01 1.335077E-01 5.000000E-01 
3.351813E-01 2.002615E-01 4.400000E-01 
3.351813E-01 2.002615E-01 6.000000E-02 
2.234542E-01 1.335077E-01 0.000000E+00 
2.234542E-01 1.335077E-01 -1.000000E+00 
1.376093E-01 8.221775E-02 -1.000000E+00 
1.376093E-01 8.221775E-02 7.500000E-01 
1.296854E-01 9.422198E-02 7.500000E-01 
2.105871E-01 1.530005E-01 7.500000E-01 
2.105871E-01 1.530005E-01 5.000000E-01 
3.158807E-01 2.295008E-01 4.400000E-01 
3.158807E-01 2.295008E-01 6.000000E-02 
2.105871E-01 1.530005E-01 0.000000E+00 
2.105871E-01 1.530005E-01 -1.000000E+00 
1.296854E-01 9.422198E-02 -1.000000E+00 
1.296854E-01 9.422198E-02 7.500000E-01 
1.207174E-01 1.054676E-01 7.500000E-01 
1.960245E-01 1.712615E-01 7.500000E-01 
1.960245E-01 1.712615E-01 5.000000E-01 
2.940368E-01 2.568922E-01 4.400000E-01 
2.940368E-01 2.568922E-01 6.000000E-02 
1.960245E-01 1.712615E-01 0.000000E+00 
1.960245E-01 1.712615E-01 -1.000000E+00 
1.207174E-01 1.054676E-01 -1.000000E+00 
1.207174E-01 1.054676E-01 7.500000E-01 
1.107773E-01 1.158640E-01 7.500000E-01 
1.798836E-01 1.881435E-01 7.500000E-01 
1.798836E-01 1.881435E-01 5.000000E-01 
2.698254E-01 2.822153E-01 4.400000E-01 
2.698254E-01 2.822153E-01 6.000000E-02 
1.798836E-01 1.881435E-01 0.000000E+00 
1.798836E-01 1.881435E-01 -1.000000E+00 
1.107773E-01 1.158640E-01 -1.000000E+00 
1.107773E-01 1.158640E-01 7.500000E-01 
9.994542E-02 1.253276E-01 7.500000E-01 
1.622944E-01 2.035107E-01 7.500000E-01 
1.622944E-01 2.035107E-01 5.000000E-01 
2.434416E-01 3.052661E-01 4.400000E-01 
2.434416E-01 3.052661E-01 6.000000E-02 
1.622944E-01 2.035107E-01 0.000000E+00 
1.622944E-01 2.035107E-01 -1.000000E+00 
9.994542E-02 1.253276E-01 -1.000000E+00 
9.994542E-02 1.253276E-01 7.500000E-01 
8.830879E-02 1.337821E-01 7.500000E-01 
1.433985E-01 2.172394E-01 7.500000E-01 
1.433985E-01 2.172394E-01 5.000000E-01 
2.150977E-01 3.258591E-01 4.400000E-01 
2.150977E-01 3.258591E-01 6.000000E-02 
1.433985E-01 2.172394E-01 0.000000E+00 
1.433985E-01 2.172394E-01 -1.000000E+00 
8.830879E-02 1.337821E-01 -1.000000E+00 
8.830879E-02 1.337821E-01 7.500000E-01 
7.596115E-02 1.411595E-01 7.500000E-01 
1.233480E-01 2.292190E-01 7.500000E-01 
1.233480E-01 2.292190E-01 5.000000E-01 
1.850220E-01 3.438285E-01 4.400000E-01 
1.850220E-01 3.438285E-01 6.000000E-02 
1.233480E-01 2.292190E-01 0.000000E+00 
1.233480E-01 2.292190E-01 -1.000000E+00 
7.596115E-02 1.411595E-01 -1.000000E+00 
7.596115E-02 1.411595E-01 7.500000E-01 
6.300191E-02 1.474003E-01 7.500000E-01 
1.023044E-01 2.393531E-01 7.500000E-01 
1.023044E-01 2.393531E-01 5.000000E-01 
1.534566E-01 3.590296E-01 4.400000E-01 
1.534566E-01 3.590296E-01 6.000000E-02 
1.023044E-01 2.393531E-01 0.000000E+00 
1.023044E-01 2.393531E-01 -1.000000E+00 
6.300191E-02 1.474003E-01 -1.000000E+00 
6.300191E-02 1.474003E-01 7.500000E-01 
4.953542E-02 1.524544E-01 7.500000E-01 
8.043712E-02 2.475600E-01 7.500000E-01 
8.043712E-02 2.475600E-01 5.000000E-01 
1.206557E-01 3.713400E-01 4.400000E-01 
1.206557E-01 3.713400E-01 6.000000E-02 
8.043712E-02 2.475600E-01 0.000000E+00 
8.043712E-02 2.475600E-01 -1.000000E+00 
4.953542E-02 1.524544E-01 -1.000000E+00 
4.953542E-02 1.524544E-01 7.500000E-01 
3.567011E-02 1.562809E-01 7.500000E-01 
5.792220E-02 2.537737E-01 7.500000E-01 
5.792220E-02 2.537737E-01 5.000000E-01 
8.688330E-02 3.806606E-01 4.400000E-01 
8.688330E-02 3.806606E-01 6.000000E-02 
5.792220E-02 2.537737E-01 0.000000E+00 
5.792220E-02 2.537737E-01 -1.000000E+00 
3.567011E-02 1.562809E-01 -1.000000E+00 
3.567011E-02 1.562809E-01 7.500000E-01 
2.151759E-02 1.588492E-01 7.500000E-01 
3.494092E-02 2.579442E-01 7.500000E-01 
3.494092E-02 2.579442E-01 5.000000E-01 
5.241138E-02 3.869163E-01 4.400000E-01 
5.241138E-02 3.869163E-01 6.000000E-02 
3.494092E-02 2.579442E-01 0.000000E+00 
3.494092E-02 2.579442E-01 -1.000000E+00 
2.151759E-02 1.588492E-01 -1.000000E+00 
2.151759E-02 1.588492E-01 7.500000E-01 
7.191832E-03 1.601386E-01 7.500000E-01 
1.167832E-02 2.600379E-01 7.500000E-01 
1.167832E-02 2.600379E-01 5.000000E-01 
1.751747E-02 3.900568E-01 4.400000E-01 
1.751747E-02 3.900568E-01 6.000000E-02 
1.167832E-02 2.600379E-01 0.000000E+00 
1.167832E-02 2.600379E-01 -1.000000E+00 
7.191832E-03 1.601386E-01 -1.000000E+00 
7.191832E-03 1.601386E-01 7.500000E-01 
-7.191832E-03 1.601386E-01 7.500000E-01 
-1.167832E-02 2.600379E-01 7.500000E-01 
-1.167832E-02 2.600379E-01 5.000000E-01 
-1.751747E-02 3.900568E-01 4.400000E-01 
-1.751747E-02 3.900568E-01 6.000000E-02 
-1.167832E-02 2.600379E-01 0.000000E+00 
-1.167832E-02 2.600379E-01 -1.000000E+00 
-7.191832E-03 1.601386E-01 -1.000000E+00 
-7.191832E-03 1.601386E-01 7.500000E-01 
-2.151759E-02 1.588492E-01 7.500000E-01 
-3.494092E-02 2.579442E-01 7.500000E-01 
-3.494092E-02 2.579442E-01 5.000000E-01 
-5.241138E-02 3.869163E-01 4.400000E-01 
-5.241138E-02 3.869163E-01 6.000000E-02 
-3.494092E-02 2.579442E-01 0.000000E+00 
-3.494092E-02 2.579442E-01 -1.000000E+00 
-2.151759E-02 1.588492E-01 -1.000000E+00 
-2.151759E-02 1.588492E-01 7.500000E-01 
-3.567011E-02 1.562809E-01 7.500000E-01 
-5.792220E-02 2.537737E-01 7.500000E-01 
-5.792220E-02 2.537737E-01 5.000000E-01 
-8.688330E-02 3.806606E-01 4.400000E-01 
-8.688330E-02 3.806606E-01 6.000000E-02 
-5.792220E-02 2.537737E-01 0.000000E+00 
-5.792220E-02 2.537737E-01 -1.000000E+00 
-3.567011E-02 1.562809E-01 -1.000000E+00 
-3.567011E-02 1.562809E-01 7.500000E-01 
-4.953542E-02 1.524544E-01 7.500000E-01 
-8.043712E-02 2.475600E-01 7.500000E-01 
-8.043712E-02 2.475600E-01 5.000000E-01 
-1.206557E-01 3.713400E-01 4.400000E-01 
-1.206557E-01 3.713400E-01 6.000000E-02 
-8.043712E-02 2.475600E-01 0.000000E+00 
-8.043712E-02 2.475600E-01 -1.000000E+00 
-4.953542E-02 1.524544E-01 -1.000000E+00 
-4.953542E-02 1.524544E-01 7.500000E-01 
-6.300191E-02 1.474003E-01 7.500000E-01 
-1.023044E-01 2.393531E-01 7.500000E-01 
-1.023044E-01 2.393531E-01 5.000000E-01 
-1.534566E-01 3.590296E-01 4.400000E-01 
-1.534566E-01 3.590296E-01 6.000000E-02 
-1.023044E-01 2.393531E-01 0.000000E+00 
-1.023044E-01 2.393531E-01 -1.000000E+00 
-6.300191E-02 1.474003E-01 -1.000000E+00 
-6.300191E-02 1.474003E-01 7.500000E-01 
-7.596115E-02 1.411595E-01 7.500000E-01 
-1.233480E-01 2.292190E-01 7.500000E-01 
-1.233480E-01 2.292190E-01 5.000000E-01 
-1.850220E-01 3.438285E-01 4.400000E-01 
-1.850220E-01 3.438285E-01 6.000000E-02 
-1.233480E-01 2.292190E-01 0.000000E+00 
-1.233480E-01 2.292190E-01 -1.000000E+00 
-7.596115E-02 1.411595E-01 -1.000000E+00 
-7.596115E-02 1.411595E-01 7.500000E-01 
-8.830879E-02 1.337821E-01 7.500000E-01 
-1.433985E-01 2.172394E-01 7.500000E-01 
-1.433985E-01 2.172394E-01 5.000000E-01 
-2.150977E-01 3.258591E-01 4.400000E-01 
-2.150977E-01 3.258591E-01 6.000000E-02 
-1.433985E-01 2.172394E-01 0.000000E+00 
-1.433985E-01 2.172394E-01 -1.000000E+00 
-8.830879E-02 1.337821E-01 -1.000000E+00 
-8.830879E-02 1.337821E-01 7.500000E-01 
-9.994542E-02 1.253276E-01 7.500000E-01 
-1.622944E-01 2.035107E-01 7.500000E-01 
-1.622944E-01 2.035107E-01 5.000000E-01 
-2.434416E-01 3.052661E-01 4.400000E-01 
-2.434416E-01 3.052661E-01 6.000000E-02 
-1.622944E-01 2.035107E-01 0.000000E+00 
-1.622944E-01 2.035107E-01 -1.000000E+00 
-9.994542E-02 1.253276E-01 -1.000000E+00 
-9.994542E-02 1.253276E-01 7.500000E-01 
-1.107773E-01 1.158640E-01 7.500000E-01 
-1.798836E-01 1.881435E-01 7.500000E-01 
-1.798836E-01 1.881435E-01 5.000000E-01 
-2.698254E-01 2.822153E-01 4.400000E-01 
-2.698254E-01 2.822153E-01 6.000000E-02 
-1.798836E-01 1.881435E-01 0.000000E+00 
-1.798836E-01 1.881435E-01 -1.000000E+00 
-1.107773E-01 1.158640E-01 -1.000000E+00 
-1.107773E-01 1.158640E-01 7.500000E-01 
-1.207174E-01 1.054676E-01 7.500000E-01 
-1.960245E-01 1.712615E-01 7.500000E-01 
-1.960245E-01 1.712615E-01 5.000000E-01 
-2.940368E-01 2.568922E-01 4.400000E-01 
-2.940368E-01 2.568922E-01 6.000000E-02 
-1.960245E-01 1.712615E-01 0.000000E+00 
-1.960245E-01 1.712615E-01 -1.000000E+00 
-1.207174E-01 1.054676E-01 -1.000000E+00 
-1.207174E-01 1.054676E-01 7.500000E-01 
-1.296854E-01 9.422198E-02 7.500000E-01 
-2.105871E-01 1.530005E-01 7.500000E-01 
-2.105871E-01 1.530005E-01 5.000000E-01 
-3.158807E-01 2.295008E-01 4.400000E-01 
-3.158807E-01 2.295008E-01 6.000000E-02 
-2.105871E-01 1.530005E-01 0.000000E+00 
-2.105871E-01 1.530005E-01 -1.000000E+00 
-1.296854E-01 9.422198E-02 -1.000000E+00 
-1.296854E-01 9.422198E-02 7.500000E-01 
-1.376093E-01 8.221775E-02 7.500000E-01 
-2.234542E-01 1.335077E-01 7.500000E-01 
-2.234542E-01 1.335077E-01 5.000000E-01 
-3.351813E-01 2.002615E-01 4.400000E-01 
-3.351813E-01 2.002615E-01 6.000000E-02 
-2.234542E-01 1.335077E-01 0.000000E+00 
-2.234542E-01 1.335077E-01 -1.000000E+00 
-1.376093E-01 8.221775E-02 -1.000000E+00 
-1.376093E-01 8.221775E-02 7.500000E-01 
-1.444253E-01 6.955156E-02 7.500000E-01 
-2.345222E-01 1.129399E-01 7.500000E-01 
-2.345222E-01 1.129399E-01 5.000000E-01 
-3.517833E-01 1.694099E-01 4.400000E-01 
-3.517833E-01 1.694099E-01 6.000000E-02 
-2.345222E-01 1.129399E-01 0.000000E+00 
-2.345222E-01 1.129399E-01 -1.000000E+00 
-1.444253E-01 6.955156E-02 -1.000000E+00 
-1.444253E-01 6.955156E-02 7.500000E-01 
-1.500784E-01 5.632538E-02 7.500000E-01 
-2.437019E-01 9.146287E-02 7.500000E-01 
-2.437019E-01 9.146287E-02 5.000000E-01 
-3.655529E-01 1.371943E-01 4.400000E-01 
-3.655529E-01 1.371943E-01 6.000000E-02 
-2.437019E-01 9.146287E-02 0.000000E+00 
-2.437019E-01 9.146287E-02 -1.000000E+00 
-1.500784E-01 5.632538E-02 -1.000000E+00 
-1.500784E-01 5.632538E-02 7.500000E-01 
-1.545232E-01 4.264571E-02 7.500000E-01 
-2.509195E-01 6.924939E-02 7.500000E-01 
-2.509195E-01 6.924939E-02 5.000000E-01 
-3.763793E-01 1.038741E-01 4.400000E-01 
-3.763793E-01 1.038741E-01 6.000000E-02 
-2.509195E-01 6.924939E-02 0.000000E+00 
-2.509195E-01 6.924939E-02 -1.000000E+00 
-1.545232E-01 4.264571E-02 -1.000000E+00 
-1.545232E-01 4.264571E-02 7.500000E-01 
-1.577239E-01 2.862267E-02 7.500000E-01 
-2.561169E-01 4.647836E-02 7.500000E-01 
-2.561169E-01 4.647836E-02 5.000000E-01 
-3.841753E-01 6.971754E-02 4.400000E-01 
-3.841753E-01 6.971754E-02 6.000000E-02 
-2.561169E-01 4.647836E-02 0.000000E+00 
-2.561169E-01 4.647836E-02 -1.000000E+00 
-1.577239E-01 2.862267E-02 -1.000000E+00 
-1.577239E-01 2.862267E-02 7.500000E-01 
-1.596547E-01 1.436918E-02 7.500000E-01 
-2.592521E-01 2.333311E-02 7.500000E-01 
-2.592521E-01 2.333311E-02 5.000000E-01 
-3.888782E-01 3.499967E-02 4.400000E-01 
-3.888782E-01 3.499967E-02 6.000000E-02 
-2.592521E-01 2.333311E-02 0.000000E+00 
-2.592521E-01 2.333311E-02 -1.000000E+00 
-1.596547E-01 1.436918E-02 -1.000000E+00 
-1.596547E-01 1.436918E-02 7.500000E-01 
-1.603000E-01 1.963109E-17 7.500000E-01 
-2.603000E-01 3.187756E-17 7.500000E-01 
-2.603000E-01 3.187756E-17 5.000000E-01 
-3.904500E-01 4.781633E-17 4.400000E-01 
-3.904500E-01 4.781633E-17 6.000000E-02 
-2.603000E-01 3.187756E-17 0.000000E+00 
-2.603000E-01 3.187756E-17 -1.000000E+00 
-1.603000E-01 1.963109E-17 -1.000000E+00 
-1.603000E-01 1.963109E-17 7.500000E-01 
1 2 11 10 
10 11 20 19 
19 20 29 28 
28 29 38 37 
37 38 47 46 
46 47 56 55 
55 56 65 64 
64 65 74 73 
73 74 83 82 
82 83 92 91 
91 92 101 100 
100 101 110 109 
109 110 119 118 
118 119 128 127 
127 128 137 136 
136 137 146 145 
145 146 155 154 
154 155 164 163 
163 164 173 172 
172 173 182 181 
181 182 191 190 
190 191 200 199 
199 200 209 208 
208 209 218 217 
217 218 227 226 
226 227 236 235 
235 236 245 244 
244 245 254 253 
253 254 263 262 
262 263 272 271 
271 272 281 280 
280 281 290 289 
289 290 299 298 
298 299 308 307 
307 308 317 316 
2 3 12 11 
11 12 21 20 
20 21 30 29 
29 30 39 38 
38 39 48 47 
47 48 57 56 
56 57 66 65 
65 66 75 74 
74 75 84 83 
83 84 93 92 
92 93 102 101 
101 102 111 110 
110 111 120 119 
119 120 129 128 
128 129 138 137 
137 138 147 146 
146 147 156 155 
155 156 165 164 
164 165 174 173 
173 174 183 182 
182 183 192 191 
191 192 201 200 
200 201 210 209 
209 210 219 218 
218 219 228 227 
227 228 237 236 
236 237 246 245 
245 246 255 254 
254 255 264 263 
263 264 273 272 
272 273 282 281 
281 282 291 290 
290 291 300 299 
299 300 309 308 
308 309 318 317 
3 4 13 12 
12 13 22 21 
21 22 31 30 
30 31 40 39 
39 40 49 48 
48 49 58 57 
57 58 67 66 
66 67 76 75 
75 76 85 84 
84 85 94 93 
93 94 103 102 
102 103 112 111 
111 112 121 120 
120 121 130 129 
129 130 139 138 
138 139 148 147 
147 148 157 156 
156 157 166 165 
165 166 175 174 
174 175 184 183 
183 184 193 192 
192 193 202 201 
201 202 211 210 
210 211 220 219 
219 220 229 228 
228 229 238 237 
237 238 247 246 
246 247 256 255 
255 256 265 264 
264 265 274 273 
273 274 283 282 
282 283 292 291 
291 292 301 300 
300 301 310 309 
309 310 319 318 
4 5 14 13 
13 14 23 22 
22 23 32 31 
31 32 41 40 
40 41 50 49 
49 50 59 58 
58 59 68 67 
67 68 77 76 
76 77 86 85 
85 86 95 94 
94 95 104 103 
103 104 113 112 
112 113 122 121 
121 122 131 130 
130 131 140 139 
139 140 149 148 
148 149 158 157 
157 158 167 166 
166 167 176 175 
175 176 185 184 
184 185 194 193 
193 194 203 202 
202 203 212 211 
211 212 221 220 
220 221 230 229 
229 230 239 238 
238 239 248 247 
247 248 257 256 
256 257 266 265 
265 266 275 274 
274 275 284 283 
283 284 293 292 
292 293 302 301 
301 302 311 310 
310 311 320 319 
5 6 15 14 
14 15 24 23 
23 24 33 32 
32 33 42 41 
41 42 51 50 
50 51 60 59 
59 60 69 68 
68 69 78 77 
77 78 87 86 
86 87 96 95 
95 96 105 104 
104 105 114 113 
113 114 123 122 
122 123 132 131 
131 132 141 140 
140 141 150 149 
149 150 159 158 
158 159 168 167 
167 168 177 176 
176 177 186 185 
185 186 195 194 
194 195 204 203 
203 204 213 212 
212 213 222 221 
221 222 231 230 
230 231 240 239 
239 240 249 248 
248 249 258 257 
257 258 267 266 
266 267 276 275 
275 276 285 284 
284 285 294 293 
293 294 303 302 
302 303 312 311 
311 312 321 320 
6 7 16 15 
15 16 25 24 
24 25 34 33 
33 34 43 42 
42 43 52 51 
51 52 61 60 
60 61 70 69 
69 70 79 78 
78 79 88 87 
87 88 97 96 
96 97 106 105 
105 106 115 114 
114 115 124 123 
123 124 133 132 
132 133 142 141 
141 142 151 150 
150 151 160 159 
159 160 169 168 
168 169 178 177 
177 178 187 186 
186 187 196 195 
195 196 205 204 
204 205 214 213 
213 214 223 222 
222 223 232 231 
231 232 241 240 
240 241 250 249 
249 250 259 258 
258 259 268 267 
267 268 277 276 
276 277 286 285 
285 286 295 294 
294 295 304 303 
303 304 313 312 
312 313 322 321 
7 8 17 16 
16 17 26 25 
25 26 35 34 
34 35 44 43 
43 44 53 52 
52 53 62 61 
61 62 71 70 
70 71 80 79 
79 80 89 88 
88 89 98 97 
97 98 107 106 
106 107 116 115 
115 116 125 124 
124 125 134 133 
133 134 143 142 
142 143 152 151 
151 152 161 160 
160 161 170 169 
169 170 179 178 
178 179 188 187 
187 188 197 196 
196 197 206 205 
205 206 215 214 
214 215 224 223 
223 224 233 232 
232 233 242 241 
241 242 251 250 
250 251 260 259 
259 260 269 268 
268 269 278 277 
277 278 287 286 
286 287 296 295 
295 296 305 304 
304 305 314 313 
313 314 323 322 
8 9 18 17 
17 18 27 26 
26 27 36 35 
35 36 45 44 
44 45 54 53 
53 54 63 62 
62 63 72 71 
71 72 81 80 
80 81 90 89 
89 90 99 98 
98 99 108 107 
107 108 117 116 
116 117 126 125 
125 126 135 134 
134 135 144 143 
143 144 153 152 
152 153 162 161 
161 162 171 170 
170 171 180 179 
179 180 189 188 
188 189 198 197 
197 198 207 206 
206 207 216 215 
215 216 225 224 
224 225 234 233 
233 234 243 242 
242 243 252 251 
251 252 261 260 
260 261 270 269 
269 270 279 278 
278 279 288 287 
287 288 297 296 
296 297 306 305 
305 306 315 314 
314 315 324 323 
