Nb de periode :    50
 0.1000
 -0.508242E-11 -0.301523E-17 -0.115112E-09  0.457821E-17 -0.862846E-12  0.319078E-25
  0.196406E-18 -0.641173E-11 -0.185670E-17  0.794343E-12 -0.550571E-20 -0.795328E-19
  0.800924E-10 -0.113708E-09  0.238024E-02 -0.516458E-10  0.687805E-11  0.555654E-18
 -0.154848E-20  0.290273E-12 -0.440457E-19 -0.399382E-13  0.000000E+00  0.760735E-20
 -0.363226E-12  0.599395E-18 -0.239844E-10  0.701793E-18 -0.874118E-13 -0.187307E-25
 -0.939060E-26 -0.497764E-19  0.842630E-25  0.918516E-20 -0.367294E-26  0.164133E-24
 0.3020
  0.161589E-07  0.184125E-15 -0.134991E-08  0.137694E-16  0.281583E-08 -0.103398E-23
  0.164473E-15  0.159834E-07 -0.267733E-14 -0.280763E-08 -0.596311E-17 -0.330260E-17
 -0.219188E-08 -0.530667E-08  0.653182E-01  0.536431E-09 -0.145519E-10  0.444523E-16
  0.149755E-17 -0.277030E-08  0.162923E-14  0.475789E-09  0.338813E-18  0.148007E-18
  0.272481E-08 -0.650115E-16  0.209745E-09 -0.861941E-17  0.470066E-09 -0.493723E-23
  0.486776E-23 -0.380555E-17  0.581611E-24 -0.183405E-19  0.113091E-24  0.173045E-23
 0.5041
  0.579572E-06  0.117736E-13 -0.178601E-07 -0.987058E-15  0.110341E-06  0.628657E-21
  0.230198E-14  0.581308E-06 -0.142414E-12 -0.110504E-06 -0.416334E-15 -0.767053E-16
  0.173168E-08 -0.227119E-07  0.301101E+00 -0.933142E-09  0.887667E-09 -0.407660E-16
  0.883842E-15 -0.110957E-06 -0.286455E-13  0.212791E-07 -0.962772E-16  0.131890E-16
  0.110945E-06 -0.904225E-16  0.652625E-09  0.151788E-16  0.212506E-07  0.282069E-21
 -0.748502E-23 -0.943549E-16  0.442025E-22  0.136782E-16 -0.100813E-23 -0.347476E-22
 0.7061
  0.611151E-05  0.390799E-13 -0.471500E-07 -0.153211E-13  0.115819E-05 -0.100585E-19
 -0.560108E-13  0.611254E-05 -0.446310E-13 -0.115757E-05 -0.395517E-14 -0.710647E-15
  0.261352E-07 -0.629043E-07  0.817174E+00  0.606724E-08 -0.168802E-08 -0.510009E-15
  0.771952E-14 -0.115836E-05  0.683342E-13  0.219016E-06  0.409395E-15  0.139615E-15
  0.115692E-05 -0.185511E-13  0.574846E-08  0.256739E-14  0.218771E-06  0.594247E-20
  0.155613E-22 -0.687802E-15  0.250636E-21  0.135535E-15 -0.449779E-23  0.109305E-21
 0.9082
  0.353451E-04 -0.139777E-12 -0.731070E-07 -0.106581E-13  0.668987E-05  0.618334E-19
  0.202949E-12  0.353408E-04 -0.574030E-11 -0.668894E-05 -0.115463E-13 -0.408184E-14
  0.104774E-08  0.605814E-07  0.170856E+01  0.262662E-08 -0.587897E-08  0.624500E-16
  0.372341E-13 -0.669883E-05 -0.716316E-12  0.126773E-05  0.519029E-14  0.774829E-15
  0.670024E-05 -0.189848E-13  0.146668E-07 -0.197065E-14  0.126766E-05  0.847033E-21
  0.106551E-21 -0.434415E-14  0.175218E-20  0.810838E-15  0.222305E-23 -0.810617E-21
 1.1102
  0.143503E-03 -0.458300E-12 -0.295155E-06 -0.209610E-12  0.271097E-04 -0.847033E-20
  0.127542E-11  0.143506E-03 -0.162430E-10 -0.271114E-04  0.959233E-13 -0.166589E-13
  0.512809E-07 -0.728796E-07  0.305325E+01  0.870168E-07 -0.739237E-08  0.416334E-15
 -0.214884E-12 -0.271623E-04  0.859046E-11  0.512955E-05 -0.109912E-13  0.315681E-14
  0.271655E-04 -0.924261E-13  0.310100E-07  0.325295E-13  0.512974E-05 -0.237169E-19
 -0.280207E-21 -0.190024E-13 -0.476456E-20  0.358289E-14 -0.612114E-22 -0.105211E-20
 1.3122
  0.459257E-03  0.576605E-11 -0.285448E-06 -0.587974E-12  0.865940E-04  0.657298E-18
  0.561240E-11  0.459236E-03 -0.209546E-09 -0.865925E-04 -0.222045E-12 -0.530370E-13
 -0.131549E-07  0.303076E-06  0.490794E+01 -0.229920E-07 -0.884756E-08 -0.902056E-15
 -0.479838E-12 -0.867915E-04 -0.517009E-10  0.163633E-04  0.115463E-12  0.996428E-14
  0.867933E-04  0.118794E-12  0.103527E-06 -0.260680E-12  0.163631E-04  0.182959E-18
 -0.701940E-22 -0.618206E-13 -0.177240E-19  0.116898E-13 -0.279173E-23  0.901530E-21
 1.5143
  0.123964E-02 -0.160938E-11 -0.921606E-06 -0.227374E-12  0.233503E-03  0.336103E-17
 -0.259597E-10  0.123964E-02 -0.612005E-09 -0.233501E-03 -0.294875E-12 -0.141023E-12
  0.234810E-06  0.420041E-07  0.730540E+01  0.118904E-06 -0.246800E-07 -0.277556E-15
  0.301981E-12 -0.233855E-03 -0.305285E-10  0.440449E-04  0.101252E-12  0.264918E-13
  0.233854E-03  0.144063E-11  0.344410E-07 -0.203393E-12  0.440451E-04  0.279521E-18
  0.253944E-21 -0.162189E-12  0.207143E-19  0.304136E-13  0.464462E-21  0.856114E-21
 1.7163
  0.295237E-02 -0.509601E-10 -0.522258E-06  0.109424E-11  0.554564E-03 -0.116010E-16
  0.361524E-10  0.295234E-02 -0.631871E-09 -0.554560E-03 -0.169109E-11 -0.331066E-12
  0.912696E-07 -0.378583E-06  0.102527E+02 -0.201035E-06  0.281725E-07 -0.333067E-15
 -0.412470E-11 -0.555831E-03  0.695408E-10  0.104402E-03 -0.781597E-13  0.623699E-13
  0.555835E-03  0.930989E-11  0.740736E-07  0.127898E-12  0.104404E-03 -0.158226E-17
 -0.833136E-20 -0.379145E-12  0.183409E-18  0.707427E-13  0.540976E-21 -0.542638E-21
 1.9184
  0.635567E-02 -0.734843E-10 -0.157564E-05 -0.129319E-11  0.119175E-02 -0.184856E-16
  0.576108E-10  0.635566E-02  0.281273E-08 -0.119175E-02 -0.294165E-11 -0.699732E-12
 -0.275206E-06 -0.100117E-06  0.137316E+02  0.108717E-06 -0.651926E-08  0.538458E-14
 -0.976996E-12 -0.119370E-02  0.234479E-09  0.223839E-03 -0.259348E-12  0.131449E-12
  0.119369E-02 -0.590106E-11  0.611299E-07 -0.728306E-12  0.223838E-03 -0.109775E-17
  0.907913E-20 -0.792272E-12 -0.144181E-18  0.148969E-12  0.105879E-20 -0.107681E-20
 2.1204
  0.126570E-01 -0.433147E-10 -0.172049E-05 -0.250111E-11  0.236604E-02 -0.856520E-17
  0.166693E-09  0.126570E-01 -0.341902E-08 -0.236603E-02  0.187583E-11 -0.137178E-11
  0.963919E-07 -0.669315E-06  0.177022E+02  0.253582E-06 -0.726432E-07 -0.632827E-14
 -0.174083E-11 -0.237170E-02  0.191136E-08  0.443355E-03  0.710543E-14  0.257210E-12
  0.237171E-02 -0.221689E-11  0.185628E-08  0.211031E-11  0.443357E-03 -0.352366E-17
  0.204148E-19 -0.155690E-11 -0.275100E-18  0.291221E-12  0.404988E-20 -0.664900E-20
 2.3224
  0.235709E-01  0.612204E-10 -0.351360E-05 -0.170530E-10  0.439752E-02  0.279724E-16
  0.186560E-09  0.235708E-01 -0.652562E-09 -0.439750E-02 -0.608225E-11 -0.251477E-11
  0.293367E-07  0.150733E-05  0.221030E+02 -0.769505E-07 -0.127126E-06  0.244249E-14
 -0.316476E-10 -0.440325E-02 -0.548823E-09  0.821546E-03  0.282796E-11  0.469933E-12
  0.440325E-02 -0.133014E-10 -0.395012E-07 -0.724754E-12  0.821548E-03 -0.147451E-16
 -0.424112E-19 -0.285543E-11 -0.108891E-17  0.532906E-12  0.236905E-20  0.194594E-20
 2.5245
  0.415930E-01  0.329692E-09 -0.559099E-05  0.185310E-10  0.773285E-02 -0.667869E-16
 -0.165187E-09  0.415928E-01  0.267992E-07 -0.773281E-02 -0.234195E-10 -0.432388E-11
  0.927597E-06 -0.268049E-05  0.268565E+02  0.110740E-06  0.135973E-06 -0.877076E-14
 -0.641904E-10 -0.774974E-02  0.385353E-08  0.144069E-02 -0.153477E-11  0.805463E-12
  0.774978E-02 -0.735270E-10  0.160202E-06  0.304112E-11  0.144070E-02  0.292735E-17
 -0.135181E-18 -0.494680E-11 -0.217253E-17  0.920171E-12 -0.154716E-19 -0.356265E-19
 2.7265
  0.700418E-01 -0.688260E-09 -0.318326E-04 -0.193268E-10  0.129794E-01  0.125767E-16
  0.510227E-09  0.700415E-01 -0.171485E-07 -0.129793E-01 -0.213731E-10 -0.712204E-11
  0.105053E-05 -0.113357E-05  0.318832E+02  0.844011E-09  0.521541E-07 -0.139333E-13
  0.187583E-10 -0.130091E-01 -0.512728E-09  0.241075E-02 -0.102887E-10  0.132350E-11
  0.130092E-01 -0.433431E-10 -0.332480E-05 -0.835598E-11  0.241076E-02  0.425007E-16
  0.287991E-18 -0.815017E-11  0.382605E-17  0.151105E-11 -0.712037E-19  0.559751E-20
 2.9286
  0.113153E+00 -0.604814E-09 -0.682664E-04  0.904947E-10  0.209077E-01  0.277556E-15
 -0.751243E-09  0.113153E+00  0.303589E-07 -0.209075E-01  0.372893E-10 -0.112448E-10
  0.782311E-06 -0.367948E-05  0.370868E+02  0.196334E-06  0.165775E-06 -0.102141E-13
  0.799787E-10 -0.209342E-01  0.795399E-08  0.386861E-02  0.432010E-11  0.207871E-11
  0.209343E-01  0.801492E-10 -0.723643E-05  0.505906E-11  0.386863E-02 -0.366460E-16
  0.123614E-19 -0.128646E-10  0.821622E-18  0.237678E-11 -0.554807E-19  0.125980E-18
 3.1306
  0.176418E+00 -0.213504E-08 -0.397869E-04 -0.600267E-10  0.324802E-01  0.270617E-15
 -0.477485E-09  0.176417E+00  0.219588E-07 -0.324799E-01  0.354703E-10 -0.169928E-10
  0.139512E-05  0.240805E-06  0.423814E+02 -0.569795E-06  0.255182E-06  0.976996E-14
 -0.369710E-09 -0.325433E-01 -0.101377E-07  0.599057E-02 -0.177351E-10  0.313084E-11
  0.325436E-01 -0.953264E-10 -0.292883E-05 -0.254659E-10  0.599062E-02 -0.281893E-16
 -0.146393E-18 -0.196067E-10  0.974797E-17  0.360676E-11 -0.703567E-19 -0.345331E-18
 3.3327
  0.266561E+00  0.864929E-09  0.805453E-04  0.423825E-09  0.488738E-01  0.327863E-15
  0.214732E-08  0.266559E+00  0.153483E-06 -0.488733E-01  0.281943E-10 -0.248869E-10
  0.181329E-05  0.178872E-05  0.476812E+02 -0.742613E-06  0.349246E-06 -0.104361E-13
  0.542855E-09 -0.490018E-01  0.152140E-07  0.898354E-02 -0.385398E-10  0.457759E-11
  0.490022E-01 -0.193950E-09  0.648499E-05  0.181899E-10  0.898361E-02 -0.169136E-15
  0.684403E-18 -0.288043E-10 -0.105583E-16  0.528349E-11  0.229440E-18 -0.194903E-18
 3.5347
  0.391443E+00  0.131877E-09  0.798241E-04 -0.363798E-10  0.714904E-01 -0.121431E-15
 -0.166165E-08  0.391441E+00  0.338310E-06 -0.714901E-01 -0.200998E-09 -0.353933E-10
  0.271946E-05  0.309531E-05  0.529127E+02 -0.268163E-06  0.467524E-06 -0.198730E-13
 -0.829687E-09 -0.716203E-01 -0.349792E-07  0.130833E-01  0.932232E-10  0.649141E-11
  0.716207E-01 -0.522959E-10  0.229970E-05  0.713953E-10  0.130834E-01  0.262811E-15
 -0.837504E-19 -0.408482E-10  0.376760E-17  0.747299E-11  0.172795E-18  0.466895E-18
 3.7367
  0.559782E+00 -0.920954E-08 -0.371020E-04  0.552973E-09  0.101852E+00  0.461436E-15
 -0.142791E-08  0.559781E+00  0.241533E-06 -0.101852E+00 -0.301952E-09 -0.488906E-10
 -0.186265E-06  0.200502E-05  0.580017E+02  0.626373E-06 -0.331551E-06  0.666134E-14
 -0.702812E-09 -0.101965E+00 -0.736691E-08  0.185573E-01  0.209184E-10  0.888538E-11
  0.101965E+00 -0.312639E-09 -0.547152E-05 -0.500222E-10  0.185574E-01  0.270617E-15
  0.894837E-18 -0.569231E-10 -0.128114E-16  0.103397E-10  0.349547E-18  0.182089E-17
 3.9388
  0.780747E+00  0.826913E-08 -0.735628E-05 -0.527507E-10  0.141470E+00  0.756339E-15
 -0.113632E-07  0.780747E+00  0.298605E-06 -0.141470E+00 -0.691216E-10 -0.655738E-10
  0.222772E-05  0.426895E-05  0.628784E+02 -0.619504E-06  0.240281E-06 -0.343059E-13
  0.613454E-09 -0.141775E+00 -0.406926E-07  0.256797E-01  0.727596E-11  0.118587E-10
  0.141775E+00  0.970886E-09 -0.611297E-06 -0.245564E-10  0.256798E-01 -0.268882E-16
 -0.212055E-17 -0.769671E-10  0.113596E-16  0.139167E-10  0.481750E-18 -0.413015E-17
 4.1408
  0.106503E+01 -0.686850E-08 -0.183922E-04 -0.363798E-09  0.192137E+00 -0.208167E-16
  0.200762E-07  0.106503E+01  0.712913E-06 -0.192137E+00  0.723958E-09 -0.854183E-10
 -0.125077E-05  0.513275E-05  0.675272E+02 -0.376604E-06  0.119209E-06 -0.102141E-13
  0.168438E-08 -0.192676E+00  0.641194E-07  0.347465E-01  0.180989E-09  0.154621E-10
  0.192676E+00  0.142791E-09 -0.132108E-05  0.149157E-09  0.347466E-01  0.124900E-15
  0.658822E-17 -0.100848E-09 -0.362530E-18  0.182126E-10  0.138913E-18 -0.241988E-17
 4.3429
  0.142390E+01  0.235013E-08 -0.353437E-04 -0.927685E-09  0.255608E+00 -0.638378E-15
 -0.741056E-08  0.142390E+01 -0.123022E-06 -0.255608E+00  0.742148E-09 -0.108473E-09
  0.754371E-06  0.250322E-05  0.718956E+02 -0.131788E-05  0.204891E-06  0.326406E-13
 -0.953150E-09 -0.256243E+00  0.105079E-06  0.460084E-01  0.127329E-10  0.196437E-10
  0.256244E+00 -0.114369E-08 -0.336207E-05  0.178261E-09  0.460085E-01  0.308781E-15
  0.237847E-17 -0.128321E-09  0.468917E-16  0.231295E-10 -0.275116E-17  0.163008E-17
 4.5449
  0.186830E+01 -0.957516E-08 -0.414997E-05  0.614818E-09  0.333582E+00 -0.749401E-14
 -0.181790E-07  0.186830E+01  0.107405E-05 -0.333582E+00  0.709406E-09 -0.135045E-09
  0.184961E-05 -0.445551E-05  0.759399E+02  0.122271E-05  0.931323E-08 -0.515143E-13
 -0.269665E-08 -0.333928E+00 -0.156339E-06  0.596763E-01  0.272848E-10  0.243471E-10
  0.333928E+00 -0.351065E-08 -0.139873E-05 -0.515683E-09  0.596764E-01  0.546438E-15
  0.644126E-17 -0.160158E-09  0.267493E-16  0.287275E-10  0.360751E-17  0.890910E-17
 4.7469
  0.240230E+01  0.734872E-08  0.729570E-04  0.443833E-09  0.426944E+00 -0.832667E-16
 -0.833097E-08  0.240230E+01 -0.333035E-06 -0.426942E+00 -0.293221E-08 -0.165361E-09
  0.322238E-05  0.384246E-05  0.796664E+02  0.191503E-05  0.750646E-06 -0.313083E-13
  0.116233E-08 -0.427166E+00 -0.331267E-06  0.759741E-01 -0.385626E-09  0.292619E-10
  0.427167E+00  0.362070E-08  0.771834E-05  0.169166E-09  0.759742E-01 -0.305311E-15
  0.177263E-17 -0.198063E-09 -0.322144E-16  0.350781E-10  0.769106E-18  0.201056E-16
 4.9490
  0.302979E+01 -0.558794E-08  0.563888E-04  0.478030E-08  0.536098E+00  0.480171E-14
 -0.347063E-08  0.302977E+01 -0.831904E-06 -0.536095E+00 -0.534783E-08 -0.195980E-09
  0.188872E-05  0.632991E-05  0.830423E+02  0.727247E-06  0.266358E-06  0.643929E-14
  0.285399E-08 -0.536705E+00 -0.571381E-07  0.949542E-01  0.185537E-09  0.345179E-10
  0.536707E+00  0.899581E-08  0.700471E-05  0.287400E-09  0.949545E-01  0.985323E-15
  0.239880E-17 -0.236880E-09 -0.526380E-16  0.417862E-10 -0.319501E-17 -0.349523E-16
 5.1510
  0.375773E+01  0.122236E-08 -0.154926E-04  0.662112E-09  0.661386E+00  0.871525E-14
  0.427535E-07  0.375771E+01  0.114477E-05 -0.661384E+00  0.236469E-08 -0.225133E-09
 -0.190549E-05 -0.403106E-05  0.860582E+02 -0.421924E-05 -0.687316E-06 -0.492939E-13
 -0.107975E-07 -0.662230E+00  0.477565E-06  0.116535E+00 -0.549335E-09  0.398423E-10
  0.662232E+00  0.267755E-08 -0.179745E-05 -0.147338E-09  0.116535E+00  0.127329E-14
  0.544541E-16 -0.274636E-09  0.382181E-16  0.484818E-10  0.101305E-16 -0.225562E-16
 5.3531
  0.458353E+01 -0.495347E-07 -0.417363E-04  0.301225E-08  0.802172E+00  0.156819E-13
 -0.397704E-07  0.458351E+01 -0.224402E-05 -0.802169E+00  0.513683E-08 -0.254962E-09
  0.745058E-08 -0.161323E-05  0.887341E+02  0.148488E-05 -0.150874E-05  0.761613E-13
 -0.636646E-09 -0.802844E+00 -0.530272E-07  0.140545E+00  0.163345E-08  0.448477E-10
  0.802846E+00 -0.691034E-08 -0.447128E-05 -0.321961E-09  0.140546E+00  0.235922E-14
 -0.598344E-16 -0.315149E-09  0.593059E-16  0.552470E-10  0.948677E-17 -0.875339E-17
 5.5551
  0.549336E+01  0.468426E-07 -0.467226E-04  0.309956E-08  0.956711E+00  0.212608E-13
 -0.157306E-07  0.549334E+01 -0.264304E-05 -0.956707E+00 -0.502041E-08 -0.282801E-09
 -0.590645E-05 -0.855478E-05  0.910861E+02 -0.123924E-05 -0.122748E-05 -0.399680E-14
  0.104774E-08 -0.957509E+00 -0.220214E-06  0.166768E+00  0.129148E-09  0.489267E-10
  0.957510E+00 -0.758155E-08 -0.368943E-05  0.733053E-09  0.166768E+00  0.645317E-15
 -0.297724E-16 -0.354405E-09 -0.975782E-16  0.614471E-10  0.975782E-18  0.580755E-16
 5.7571
  0.648029E+01  0.857253E-07 -0.330247E-05 -0.392902E-08  0.112284E+01  0.131006E-13
 -0.100408E-07  0.648027E+01  0.409444E-05 -0.112284E+01 -0.276486E-09 -0.301440E-09
 -0.337139E-05 -0.372197E-05  0.931043E+02  0.916189E-06 -0.156462E-06  0.350830E-13
  0.383443E-08 -0.112401E+01 -0.355591E-06  0.194701E+00  0.407454E-09  0.522038E-10
  0.112401E+01 -0.131458E-07 -0.123354E-05 -0.111686E-08  0.194701E+00  0.253270E-14
 -0.112852E-15 -0.384144E-09  0.802852E-16  0.665572E-10  0.127123E-16  0.647005E-17
 5.9592
  0.753305E+01  0.146101E-07  0.315905E-05 -0.544242E-08  0.129776E+01 -0.260902E-14
 -0.889995E-07  0.753302E+01  0.118045E-06 -0.129775E+01 -0.654836E-09 -0.314411E-09
  0.394322E-05  0.262546E-05  0.947943E+02  0.209210E-05  0.327826E-06 -0.219824E-13
  0.525688E-08 -0.129890E+01  0.277229E-06  0.223754E+00 -0.267391E-08  0.543852E-10
  0.129890E+01 -0.722503E-08 -0.108592E-05 -0.199361E-08  0.223754E+00 -0.244249E-14
 -0.106794E-16 -0.410893E-09 -0.220418E-15  0.709088E-10  0.140946E-16  0.457369E-16
 6.1612
  0.862819E+01  0.164000E-07  0.216700E-04  0.576256E-08  0.147817E+01 -0.209277E-13
  0.422297E-07  0.862815E+01 -0.829576E-06 -0.147817E+01 -0.136788E-08 -0.320510E-09
  0.143051E-05 -0.341987E-05  0.961925E+02 -0.450166E-05  0.135973E-05  0.834888E-13
  0.892760E-08 -0.147930E+01  0.725850E-06  0.253435E+00 -0.118598E-08  0.545208E-10
  0.147930E+01 -0.522050E-08  0.240095E-05  0.287400E-09  0.253435E+00  0.228290E-14
 -0.225548E-15 -0.429055E-09 -0.384892E-17  0.731614E-10 -0.307100E-16 -0.336446E-18
 6.3633
  0.974666E+01 -0.176660E-07  0.941008E-05  0.672298E-08  0.166127E+01  0.871525E-14
 -0.608852E-07  0.974663E+01  0.206463E-05 -0.166127E+01  0.116415E-08 -0.310335E-09
  0.205636E-05 -0.303326E-05  0.973298E+02  0.127312E-05  0.678003E-06 -0.439648E-13
 -0.349610E-08 -0.166232E+01 -0.105443E-05  0.283247E+00 -0.443833E-09  0.529425E-10
  0.166233E+01  0.188629E-07  0.132481E-05  0.625732E-09  0.283247E+00 -0.777156E-15
 -0.284413E-15 -0.432840E-09  0.550639E-16  0.737572E-10  0.175692E-16 -0.105813E-15
 6.5653
  0.108721E+02  0.250002E-07  0.225455E-04 -0.430737E-08  0.184282E+01 -0.166533E-13
 -0.151398E-06  0.108721E+02  0.196300E-05 -0.184282E+01 -0.126311E-07 -0.291939E-09
  0.570714E-05 -0.434765E-05  0.981976E+02 -0.331097E-05  0.171736E-05 -0.335287E-13
  0.117871E-07 -0.184399E+01 -0.640284E-07  0.312483E+00 -0.822183E-09  0.496298E-10
  0.184399E+01  0.463624E-07  0.562472E-05  0.774889E-09  0.312483E+00  0.474620E-14
 -0.801740E-15 -0.427874E-09 -0.261401E-15  0.725830E-10 -0.230664E-16  0.321719E-16
 6.7673
  0.119834E+02 -0.144064E-06 -0.138097E-04 -0.145228E-07  0.201971E+01  0.253131E-13
  0.763976E-07  0.119834E+02  0.212865E-05 -0.201971E+01 -0.861473E-08 -0.262517E-09
  0.540540E-05  0.109104E-04  0.988044E+02 -0.199571E-05  0.184402E-06 -0.373035E-13
 -0.212094E-08 -0.202118E+01 -0.721979E-06  0.340595E+00 -0.643922E-09  0.437553E-10
  0.202118E+01  0.138316E-07  0.156695E-05 -0.483851E-09  0.340595E+00 -0.560663E-14
  0.210769E-15 -0.408131E-09 -0.380772E-15  0.684246E-10  0.927535E-16  0.190258E-15
 6.9694
  0.130679E+02 -0.144675E-06  0.114627E-04  0.861473E-08  0.218949E+01  0.198730E-13
 -0.535510E-08  0.130679E+02  0.413856E-05 -0.218949E+01  0.829459E-08 -0.215201E-09
  0.618398E-05  0.690628E-05  0.991605E+02  0.115542E-05  0.994653E-06  0.321965E-13
 -0.161017E-07 -0.219080E+01  0.167114E-06  0.367029E+00 -0.240107E-09  0.359832E-10
  0.219079E+01 -0.618456E-10  0.321958E-05  0.167347E-08  0.367028E+00  0.227596E-14
  0.115468E-15 -0.374593E-09  0.164799E-15  0.626731E-10  0.260209E-17  0.174127E-16
 7.1714
  0.141058E+02 -0.592263E-07 -0.143535E-04 -0.122236E-08  0.235016E+01  0.999201E-15
 -0.255532E-07  0.141058E+02 -0.120958E-04 -0.235016E+01 -0.183354E-08 -0.157969E-09
  0.355206E-05  0.350759E-05  0.993304E+02 -0.228058E-06  0.486150E-06  0.173195E-13
  0.583532E-08 -0.235129E+01  0.506116E-07  0.391721E+00  0.385626E-09  0.260478E-10
  0.235129E+01  0.782529E-08  0.762753E-06 -0.480213E-09  0.391720E+00  0.348332E-14
 -0.174692E-15 -0.331144E-09  0.101481E-15  0.549984E-10  0.311545E-15  0.822823E-16
 7.3735
  0.150844E+02  0.293716E-06 -0.149086E-04  0.279397E-08  0.250011E+01  0.348610E-13
  0.330037E-07  0.150845E+02  0.230353E-04 -0.250011E+01  0.343425E-08 -0.849417E-10
 -0.495464E-06 -0.768452E-05  0.993061E+02  0.856933E-06 -0.828877E-06 -0.459632E-13
  0.235486E-07 -0.250100E+01 -0.160065E-05  0.414348E+00  0.314321E-08  0.139981E-10
  0.250099E+01  0.855289E-08 -0.219606E-05  0.556611E-08  0.414347E+00  0.957567E-15
 -0.821608E-15 -0.268363E-09 -0.860423E-15  0.443232E-10 -0.573001E-15  0.108589E-15
 7.5755
  0.159999E+02 -0.607979E-07  0.774860E-06 -0.199361E-07  0.263711E+01 -0.455191E-14
 -0.965956E-07  0.159999E+02  0.102816E-04 -0.263712E+01 -0.523869E-09 -0.414904E-11
 -0.601821E-05 -0.684772E-05  0.990937E+02 -0.197650E-05 -0.452623E-06 -0.153211E-13
  0.319487E-07 -0.263835E+01 -0.948610E-06  0.434661E+00  0.217551E-08  0.491746E-12
  0.263835E+01 -0.145374E-07 -0.684522E-06  0.283035E-08  0.434660E+00  0.202616E-14
  0.708363E-15 -0.198590E-09  0.698226E-15  0.326738E-10 -0.913982E-16 -0.620645E-16
 7.7776
  0.168488E+02 -0.166474E-06 -0.578165E-05 -0.192085E-08  0.276106E+01  0.310862E-14
  0.275613E-07  0.168488E+02 -0.867876E-05 -0.276106E+01 -0.634464E-08  0.886051E-10
 -0.429712E-05 -0.422716E-05  0.987016E+02 -0.795699E-06 -0.940636E-06 -0.117684E-13
  0.821456E-08 -0.276264E+01 -0.623928E-06  0.452554E+00  0.123691E-09 -0.150988E-10
  0.276264E+01  0.116415E-07 -0.242144E-05  0.851287E-09  0.452554E+00 -0.258127E-14
  0.218673E-14 -0.107357E-09 -0.994430E-15  0.171401E-10 -0.250776E-15 -0.144451E-16
 7.9796
  0.176267E+02  0.180939E-06  0.132769E-04 -0.238651E-08  0.287125E+01  0.500711E-13
  0.257278E-07  0.176267E+02 -0.125482E-04 -0.287125E+01  0.105065E-07  0.191808E-09
 -0.536442E-06  0.242953E-05  0.981335E+02  0.216940E-05  0.784174E-06  0.142109E-13
 -0.403452E-07 -0.287276E+01  0.133394E-05  0.467916E+00  0.807631E-09 -0.318995E-10
  0.287276E+01 -0.233922E-07  0.106357E-05  0.198634E-08  0.467916E+00  0.352496E-14
 -0.252348E-14 -0.149580E-10  0.549040E-15  0.206401E-11 -0.147018E-15 -0.179593E-15
 8.1816
  0.183322E+02  0.369619E-07 -0.867620E-05  0.113214E-07  0.296840E+01  0.666134E-14
  0.178174E-06  0.183321E+02  0.854558E-05 -0.296840E+01 -0.194705E-07  0.304747E-09
 -0.542589E-05  0.155335E-04  0.974317E+02 -0.313984E-05 -0.707805E-07 -0.799361E-14
 -0.107466E-07 -0.296964E+01  0.130283E-05  0.481002E+00  0.327418E-09 -0.503951E-10
  0.296964E+01 -0.176660E-07 -0.105985E-05 -0.429281E-09  0.481001E+00  0.457967E-14
  0.312398E-14  0.893906E-10 -0.494396E-16 -0.152060E-10  0.641089E-15 -0.286591E-16
 8.3837
  0.189579E+02  0.445783E-06 -0.915676E-05 -0.401633E-08  0.305415E+01  0.912603E-13
  0.798900E-07  0.189580E+02  0.625453E-05 -0.305415E+01 -0.532600E-08  0.426381E-09
 -0.338629E-05  0.860891E-06  0.966289E+02 -0.225310E-05  0.236556E-06 -0.783817E-13
  0.867294E-08 -0.305524E+01  0.140863E-06  0.492072E+00 -0.122236E-08 -0.693859E-10
  0.305524E+01 -0.352156E-08  0.114273E-05 -0.264845E-08  0.492071E+00 -0.902056E-15
  0.709827E-15  0.207781E-09  0.507407E-15 -0.339406E-10 -0.924282E-17  0.691697E-15
 8.5857
  0.195120E+02 -0.102096E-06 -0.458956E-05  0.152504E-07  0.312771E+01 -0.539568E-13
  0.181608E-07  0.195120E+02 -0.165077E-06 -0.312771E+01  0.150758E-07  0.556840E-09
 -0.381470E-05 -0.656710E-05  0.956995E+02 -0.158662E-05 -0.113994E-05  0.630607E-13
 -0.638101E-08 -0.312845E+01 -0.282173E-05  0.500976E+00 -0.245927E-08 -0.891588E-10
  0.312845E+01 -0.458240E-07 -0.192691E-05 -0.309956E-08  0.500976E+00 -0.303924E-14
 -0.206887E-14  0.328298E-09  0.397577E-15 -0.525917E-10  0.600106E-15  0.389106E-15
 8.7878
  0.200017E+02 -0.178174E-06 -0.151247E-04 -0.224099E-08  0.318846E+01 -0.148770E-13
  0.904838E-07  0.200017E+02  0.976957E-06 -0.318846E+01  0.488944E-08  0.685222E-09
 -0.233576E-05 -0.715954E-07  0.946642E+02  0.383356E-05 -0.227243E-06  0.239808E-13
 -0.214350E-07 -0.318987E+01  0.269024E-05  0.508003E+00 -0.582077E-09 -0.110037E-09
  0.318987E+01  0.139771E-07 -0.112690E-05  0.298314E-09  0.508003E+00  0.444089E-14
 -0.420204E-14  0.459031E-09 -0.235055E-15 -0.736945E-10 -0.274954E-15  0.205757E-15
 8.9898
  0.204298E+02  0.326836E-07  0.114031E-04 -0.149594E-07  0.323813E+01  0.268674E-13
 -0.311440E-06  0.204298E+02  0.691437E-05 -0.323813E+01  0.147847E-07  0.819780E-09
  0.381097E-05 -0.131356E-04  0.935143E+02  0.830390E-06  0.929460E-06  0.155431E-13
  0.175205E-07 -0.323981E+01  0.187973E-05  0.513152E+00 -0.334694E-09 -0.131412E-09
  0.323981E+01  0.411528E-07  0.237767E-05  0.157161E-08  0.513153E+00 -0.123929E-13
 -0.236432E-14  0.592856E-09  0.888178E-15 -0.948716E-10  0.208720E-14  0.417782E-15
 9.1918
  0.208006E+02  0.651635E-07 -0.115372E-04 -0.103901E-07  0.327731E+01  0.202061E-13
  0.230386E-06  0.208006E+02 -0.804896E-06 -0.327731E+01 -0.250293E-07  0.958542E-09
 -0.746921E-05 -0.811479E-05  0.922619E+02 -0.258663E-05 -0.164844E-05 -0.599520E-14
 -0.221262E-07 -0.327860E+01  0.206838E-05  0.516545E+00  0.200089E-08 -0.152881E-09
  0.327860E+01  0.428990E-07 -0.331551E-05  0.261207E-08  0.516546E+00  0.323352E-14
 -0.166165E-14  0.726415E-09  0.463822E-15 -0.115500E-09  0.196669E-14  0.716724E-15
 9.3939
  0.211185E+02  0.189990E-06 -0.230968E-06 -0.371947E-07  0.330710E+01  0.108802E-13
  0.977598E-07  0.211185E+02 -0.183319E-04 -0.330710E+01 -0.153377E-07  0.109813E-08
  0.375323E-05 -0.358676E-06  0.909298E+02 -0.144588E-05 -0.223517E-06  0.257572E-13
 -0.245927E-07 -0.330760E+01  0.236224E-05  0.518509E+00 -0.414730E-09 -0.174978E-09
  0.330760E+01  0.155705E-08 -0.994653E-06 -0.349246E-08  0.518509E+00  0.424660E-14
 -0.237874E-15  0.866144E-09 -0.129237E-15 -0.137578E-09 -0.351498E-15  0.117140E-14
 9.5959
  0.213769E+02 -0.442960E-07  0.856817E-06  0.381260E-08  0.333132E+01  0.843769E-14
 -0.514265E-07  0.213769E+02  0.126532E-04 -0.333132E+01  0.919681E-08  0.124512E-08
  0.162050E-06 -0.349304E-06  0.895462E+02 -0.150502E-05 -0.372529E-08 -0.173195E-13
  0.190703E-07 -0.333105E+01  0.824744E-06  0.519267E+00 -0.179716E-08 -0.196425E-09
  0.333105E+01 -0.371074E-09  0.922009E-06 -0.141881E-08  0.519268E+00  0.589806E-14
 -0.453739E-14  0.100828E-08  0.150054E-15 -0.158544E-09 -0.377064E-14  0.133633E-14
 9.7980
  0.215834E+02  0.116765E-06  0.558794E-07  0.291038E-09  0.334916E+01  0.414113E-13
  0.128464E-06  0.215834E+02  0.321027E-05 -0.334916E+01  0.112923E-07  0.140261E-08
  0.385009E-05  0.955642E-05  0.880811E+02 -0.890461E-06  0.521541E-06  0.137668E-13
 -0.213477E-07 -0.334787E+01 -0.699452E-06  0.518688E+00  0.727596E-09 -0.216560E-09
  0.334787E+01 -0.315777E-07  0.160187E-05  0.909495E-09  0.518689E+00 -0.109496E-13
 -0.968090E-14  0.116147E-08 -0.154998E-14 -0.179729E-09 -0.294122E-14  0.135915E-14
10.0000
  0.217481E+02  0.760192E-07 -0.273809E-05 -0.341097E-07  0.335785E+01 -0.162093E-13
  0.878936E-08  0.217481E+02 -0.614789E-05 -0.335785E+01 -0.779983E-08  0.154722E-08
  0.173226E-06  0.812550E-05  0.865525E+02  0.177737E-05 -0.655651E-06 -0.910383E-14
 -0.348664E-07 -0.335662E+01  0.132300E-05  0.517208E+00  0.240107E-09 -0.238389E-09
  0.335662E+01 -0.161963E-07  0.146683E-05  0.136788E-08  0.517208E+00  0.414946E-14
 -0.541884E-15  0.130597E-08 -0.392264E-14 -0.201427E-09 -0.121268E-14  0.197600E-14
