Nb de periode :    50
 0.1000
  0.338254E+01  0.719410E-08 -0.147382E-05 -0.134605E-08  0.529737E+00 -0.126635E-14
 -0.408363E-08  0.338253E+01 -0.151984E-05 -0.529736E+00  0.284672E-08 -0.418559E-09
  0.158325E-06 -0.209657E-05  0.406226E+02  0.864820E-06  0.116415E-07  0.131839E-14
 -0.553428E-08 -0.530930E+00 -0.697401E-06  0.152717E+00  0.472937E-09  0.103323E-09
  0.530931E+00 -0.361979E-08 -0.323053E-06 -0.554792E-09  0.152717E+00  0.230285E-14
 -0.127785E-13 -0.463541E-09 -0.445390E-14  0.112106E-09  0.578964E-15  0.138575E-12
 0.3020
  0.337868E+01  0.894557E-07 -0.578915E-06 -0.457697E-09  0.530722E+00 -0.684606E-14
 -0.292745E-07  0.337868E+01 -0.948348E-06 -0.530721E+00  0.000000E+00 -0.419602E-09
  0.592019E-06 -0.209897E-05  0.408753E+02  0.442569E-06  0.178839E-06  0.256383E-13
 -0.575434E-08 -0.531898E+00  0.545238E-06  0.152498E+00 -0.113822E-08  0.102974E-09
  0.531899E+00  0.668930E-08  0.423972E-08 -0.391451E-09  0.152498E+00  0.786838E-15
  0.783876E-14 -0.463382E-09  0.189530E-15  0.111908E-09 -0.375830E-15  0.138895E-12
 0.5041
  0.338977E+01  0.290053E-07 -0.188082E-05 -0.168879E-08  0.530744E+00  0.165185E-14
 -0.134959E-07  0.338976E+01  0.126241E-05 -0.530743E+00 -0.685619E-09 -0.418464E-09
  0.692836E-07 -0.338479E-06  0.412911E+02 -0.180715E-07 -0.203232E-07 -0.682765E-14
 -0.511147E-08 -0.531958E+00  0.992748E-06  0.152953E+00  0.162383E-09  0.103340E-09
  0.531959E+00 -0.102825E-07  0.692836E-07 -0.263422E-09  0.152953E+00 -0.184457E-14
 -0.275566E-14 -0.463672E-09  0.457012E-14  0.112113E-09  0.959708E-15  0.138497E-12
 0.7061
  0.339933E+01  0.929430E-08 -0.174428E-05  0.190626E-09  0.533529E+00  0.185922E-13
 -0.703255E-08  0.339932E+01  0.221415E-06 -0.533527E+00 -0.228236E-08 -0.428995E-09
 -0.698371E-06  0.173933E-06  0.416754E+02  0.145251E-05 -0.105514E-07  0.183957E-13
 -0.120300E-08 -0.533988E+00 -0.344178E-06  0.152765E+00  0.476565E-09  0.103689E-09
  0.533989E+00 -0.658432E-08  0.509105E-06  0.587334E-09  0.152765E+00 -0.170986E-14
  0.183622E-14 -0.475898E-09  0.188674E-14  0.113283E-09 -0.203230E-14  0.138046E-12
 0.9082
  0.340003E+01 -0.102550E-08 -0.156081E-05 -0.232340E-08  0.533961E+00 -0.103606E-13
 -0.542715E-07  0.340002E+01  0.494997E-06 -0.533960E+00 -0.320469E-09 -0.429388E-09
  0.128188E-06  0.272915E-05  0.421001E+02 -0.555758E-06  0.144596E-06 -0.855745E-15
 -0.446654E-09 -0.535459E+00  0.433515E-06  0.153508E+00  0.432633E-09  0.103679E-09
  0.535460E+00 -0.483508E-08  0.481473E-06 -0.118974E-08  0.153508E+00 -0.848104E-15
  0.357588E-14 -0.475718E-09  0.122249E-14  0.113133E-09 -0.563970E-15  0.138064E-12
 1.1102
  0.342442E+01  0.756954E-08 -0.302582E-05  0.524297E-09  0.536344E+00 -0.925016E-14
 -0.367008E-08  0.342441E+01  0.932672E-06 -0.536343E+00 -0.176950E-09 -0.431606E-09
  0.110144E-05 -0.168260E-05  0.424405E+02 -0.135169E-05  0.433698E-06 -0.173003E-13
 -0.493003E-08 -0.537130E+00 -0.193020E-06  0.153834E+00  0.753677E-10  0.104228E-09
  0.537131E+00  0.121899E-08  0.465576E-06  0.119278E-08  0.153834E+00 -0.171253E-14
 -0.835542E-14 -0.480101E-09 -0.800014E-15  0.113931E-09  0.137893E-14  0.138382E-12
 1.3122
  0.344081E+01  0.577754E-08 -0.158054E-05 -0.831700E-10  0.538151E+00 -0.922193E-14
 -0.750082E-07  0.344080E+01 -0.508690E-06 -0.538148E+00 -0.199608E-09 -0.424511E-09
  0.781398E-06 -0.145581E-06  0.426876E+02  0.534594E-06  0.187365E-06  0.192053E-13
 -0.391731E-08 -0.538628E+00 -0.319838E-06  0.154035E+00 -0.873285E-09  0.104061E-09
  0.538629E+00 -0.383691E-08  0.751945E-06 -0.512881E-09  0.154035E+00  0.465327E-15
 -0.354712E-14 -0.472323E-09  0.618673E-15  0.113430E-09 -0.167359E-14  0.138947E-12
 1.5143
  0.344062E+01  0.267824E-07 -0.501860E-05 -0.499707E-09  0.540105E+00 -0.162946E-13
  0.162405E-07  0.344061E+01  0.603377E-06 -0.540103E+00 -0.213337E-08 -0.421611E-09
  0.250561E-05 -0.569512E-06  0.428098E+02  0.543681E-06  0.370245E-06 -0.103376E-13
 -0.207811E-08 -0.541574E+00  0.209127E-06  0.154576E+00  0.422829E-09  0.104012E-09
  0.541576E+00 -0.230634E-09  0.151296E-06 -0.490097E-09  0.154577E+00 -0.137927E-14
 -0.707269E-14 -0.467857E-09  0.141822E-14  0.113179E-09  0.715410E-15  0.139470E-12
 1.7163
  0.347817E+01  0.162788E-07 -0.139997E-05  0.192463E-08  0.544522E+00 -0.887816E-14
  0.741871E-08  0.347816E+01  0.118184E-05 -0.544520E+00 -0.523973E-08 -0.428012E-09
  0.652779E-06 -0.155747E-05  0.428073E+02  0.101959E-05  0.124804E-06  0.776232E-15
  0.295265E-08 -0.544991E+00 -0.403561E-06  0.155119E+00 -0.137352E-08  0.104086E-09
  0.544992E+00 -0.590741E-08  0.355962E-06  0.322184E-09  0.155120E+00 -0.105115E-14
 -0.221929E-14 -0.476625E-09  0.268447E-14  0.113711E-09 -0.138772E-14  0.138961E-12
 1.9184
  0.348265E+01 -0.169007E-07 -0.407800E-05 -0.294320E-08  0.546747E+00  0.604776E-14
 -0.130093E-07  0.348265E+01 -0.541610E-06 -0.546745E+00 -0.192674E-08 -0.420881E-09
  0.935028E-06  0.937880E-06  0.426614E+02  0.457562E-07  0.124282E-06 -0.567159E-14
 -0.654256E-09 -0.548311E+00 -0.637719E-06  0.155846E+00  0.175606E-08  0.103942E-09
  0.548312E+00  0.325990E-08  0.320900E-06  0.633395E-09  0.155846E+00 -0.289367E-16
  0.715312E-14 -0.467606E-09 -0.949484E-15  0.113087E-09 -0.722965E-15  0.139738E-12
 2.1204
  0.352633E+01 -0.172119E-07 -0.333982E-05 -0.203139E-08  0.552413E+00  0.858687E-14
  0.226198E-07  0.352632E+01 -0.183725E-05 -0.552411E+00 -0.432356E-09 -0.426216E-09
  0.923237E-06  0.771103E-07  0.423606E+02  0.168061E-05  0.140550E-07  0.733025E-15
 -0.138972E-09 -0.552768E+00  0.409352E-06  0.156362E+00 -0.185295E-09  0.103974E-09
  0.552770E+00  0.164535E-08  0.553415E-07  0.686279E-09  0.156363E+00 -0.140060E-14
  0.370235E-14 -0.474578E-09 -0.575948E-15  0.113577E-09 -0.667167E-15  0.139294E-12
 2.3224
  0.353698E+01 -0.591300E-07 -0.488268E-05  0.348376E-08  0.556522E+00  0.221571E-13
  0.733094E-08  0.353696E+01 -0.257393E-05 -0.556520E+00  0.413540E-09 -0.429011E-09
  0.316797E-06 -0.427450E-06  0.419172E+02  0.658657E-07 -0.299955E-06 -0.126203E-13
 -0.476198E-09 -0.558033E+00  0.168499E-06  0.157340E+00  0.410407E-09  0.104202E-09
  0.558035E+00  0.263475E-08  0.162008E-06 -0.610912E-09  0.157340E+00 -0.189423E-14
  0.178107E-14 -0.476795E-09 -0.247983E-14  0.113939E-09 -0.262922E-15  0.139064E-12
 2.5245
  0.358097E+01  0.211550E-08 -0.623171E-05 -0.534927E-08  0.562000E+00 -0.969717E-14
 -0.226364E-07  0.358095E+01  0.313624E-06 -0.561997E+00  0.243253E-08 -0.421684E-09
 -0.712006E-06 -0.117679E-05  0.413573E+02 -0.789294E-06  0.737830E-07  0.148646E-13
 -0.303490E-08 -0.562967E+00 -0.110329E-06  0.158238E+00 -0.642719E-09  0.104049E-09
  0.562970E+00  0.599487E-08  0.625311E-06  0.135461E-09  0.158239E+00  0.775114E-15
 -0.356712E-14 -0.470246E-09  0.211645E-15  0.113460E-09 -0.871316E-15  0.139884E-12
 2.7265
  0.363005E+01  0.771432E-07 -0.278365E-04 -0.251380E-08  0.570116E+00  0.111978E-13
 -0.169295E-07  0.363002E+01  0.142331E-05 -0.570112E+00 -0.192671E-08 -0.426553E-09
 -0.360228E-05 -0.761035E-06  0.406596E+02 -0.245424E-06 -0.893568E-06 -0.171835E-13
 -0.200677E-08 -0.570541E+00 -0.608478E-06  0.159333E+00  0.744533E-09  0.104135E-09
  0.570544E+00  0.587087E-09 -0.323372E-05 -0.400287E-09  0.159334E+00  0.661688E-15
  0.850627E-14 -0.476026E-09  0.941633E-15  0.113975E-09  0.182664E-14  0.139789E-12
 2.9286
  0.365375E+01 -0.721491E-08 -0.507917E-04 -0.924224E-09  0.575928E+00 -0.116384E-13
  0.208696E-07  0.365371E+01 -0.292651E-06 -0.575922E+00  0.546584E-09 -0.428514E-09
 -0.740588E-05 -0.114659E-05  0.398663E+02  0.425660E-06 -0.163967E-05  0.189550E-14
  0.602236E-08 -0.577548E+00  0.306425E-06  0.160697E+00 -0.111801E-08  0.104156E-09
  0.577552E+00  0.308323E-08 -0.574458E-05  0.134162E-09  0.160698E+00 -0.144532E-14
  0.407822E-14 -0.476987E-09 -0.190024E-14  0.113998E-09  0.158334E-14  0.139537E-12
 3.1306
  0.370576E+01 -0.268391E-07 -0.225758E-04 -0.137589E-08  0.583521E+00  0.283708E-15
  0.334582E-07  0.370572E+01 -0.264773E-05 -0.583514E+00  0.425781E-08 -0.421828E-09
  0.163381E-05  0.361561E-06  0.389845E+02  0.133126E-07  0.297489E-06  0.119157E-13
 -0.529902E-09 -0.584666E+00 -0.432103E-07  0.161811E+00 -0.122714E-08  0.104463E-09
  0.584671E+00 -0.441585E-09 -0.132740E-05 -0.669350E-09  0.161812E+00 -0.842257E-15
 -0.120110E-13 -0.472285E-09  0.253120E-14  0.114200E-09  0.131880E-14  0.139966E-12
 3.3327
  0.377186E+01  0.212909E-07  0.446880E-04  0.169419E-08  0.593355E+00  0.459726E-14
 -0.203827E-07  0.377183E+01  0.280883E-05 -0.593350E+00 -0.882026E-09 -0.424995E-09
  0.154750E-04 -0.573404E-06  0.380408E+02 -0.657939E-06  0.267717E-05  0.108602E-13
  0.484678E-08 -0.593876E+00  0.309827E-06  0.163315E+00  0.742299E-09  0.104135E-09
  0.593880E+00  0.703219E-08  0.364855E-05 -0.895125E-09  0.163316E+00  0.180726E-14
 -0.594347E-14 -0.476052E-09 -0.163236E-14  0.114148E-09 -0.258596E-14  0.140083E-12
 3.5347
  0.382113E+01  0.992004E-07  0.379054E-04  0.301356E-08  0.602653E+00 -0.502549E-14
  0.408395E-08  0.382112E+01 -0.176104E-06 -0.602650E+00  0.905714E-09 -0.431848E-09
  0.890669E-05 -0.337914E-07  0.370379E+02 -0.999250E-07  0.813628E-06 -0.389476E-14
  0.409630E-08 -0.603602E+00  0.286650E-06  0.164944E+00 -0.109509E-08  0.104529E-09
  0.603605E+00 -0.121263E-07  0.105392E-08  0.440506E-09  0.164945E+00  0.163328E-14
  0.102153E-13 -0.484312E-09 -0.871609E-15  0.115025E-09 -0.602176E-15  0.139638E-12
 3.7367
  0.386703E+01 -0.800509E-07 -0.122514E-04  0.989149E-09  0.611420E+00 -0.111416E-13
 -0.380472E-07  0.386702E+01 -0.303792E-05 -0.611418E+00 -0.285841E-08 -0.425082E-09
 -0.398526E-05 -0.989367E-06  0.360026E+02  0.546446E-07 -0.116143E-05 -0.374359E-14
  0.135132E-08 -0.613024E+00 -0.831009E-06  0.166471E+00 -0.887897E-09  0.104191E-09
  0.613026E+00  0.283504E-08 -0.248387E-05 -0.428371E-10  0.166471E+00 -0.817054E-16
 -0.453360E-14 -0.476382E-09 -0.165268E-14  0.114427E-09 -0.531085E-15  0.139745E-12
 3.9388
  0.393313E+01  0.179554E-08 -0.363849E-05  0.251228E-08  0.620729E+00 -0.606021E-14
 -0.198101E-07  0.393313E+01  0.174104E-05 -0.620728E+00  0.297040E-08 -0.421002E-09
 -0.110753E-05  0.793732E-06  0.349667E+02 -0.336291E-06 -0.366970E-06 -0.103728E-13
  0.211696E-08 -0.622143E+00  0.368300E-06  0.168134E+00  0.594819E-09  0.104179E-09
  0.622144E+00  0.991981E-09 -0.490870E-06 -0.857131E-09  0.168135E+00 -0.147982E-14
  0.120037E-14 -0.474436E-09  0.142697E-15  0.114409E-09  0.233424E-15  0.140009E-12
 4.1408
  0.400550E+01  0.148021E-07 -0.573618E-05 -0.413980E-08  0.631712E+00  0.284204E-14
  0.224421E-07  0.400549E+01  0.623008E-06 -0.631709E+00 -0.246701E-08 -0.420586E-09
 -0.710724E-07 -0.193194E-05  0.339137E+02  0.858605E-07  0.242906E-07  0.396813E-14
 -0.222629E-08 -0.632407E+00 -0.641901E-06  0.169601E+00 -0.702852E-11  0.103888E-09
  0.632409E+00 -0.540318E-08 -0.179930E-08 -0.418197E-09  0.169601E+00 -0.817757E-15
  0.165416E-14 -0.475519E-09 -0.509087E-14  0.114434E-09 -0.241640E-14  0.140007E-12
 4.3429
  0.406815E+01  0.376895E-07 -0.685637E-05  0.388019E-08  0.641948E+00  0.585424E-14
  0.328040E-07  0.406814E+01 -0.128836E-05 -0.641947E+00 -0.377297E-08 -0.421953E-09
 -0.140979E-05 -0.157245E-06  0.328713E+02  0.818124E-07 -0.221312E-06 -0.828285E-14
  0.141570E-08 -0.642617E+00  0.222223E-06  0.171150E+00 -0.516019E-09  0.103333E-09
  0.642618E+00  0.913085E-09 -0.692671E-06 -0.971723E-09  0.171150E+00  0.242861E-14
  0.666890E-14 -0.477375E-09  0.125904E-14  0.114171E-09  0.205114E-14  0.139989E-12
 4.5449
  0.411222E+01 -0.240968E-07 -0.120081E-05 -0.365007E-08  0.649717E+00 -0.210080E-14
  0.124679E-07  0.411222E+01  0.318132E-06 -0.649717E+00 -0.712083E-08 -0.422931E-09
  0.942614E-06 -0.114494E-05  0.318530E+02  0.812031E-06  0.762288E-07  0.850091E-14
  0.638602E-08 -0.651274E+00  0.345975E-06  0.172672E+00  0.480272E-10  0.102911E-09
  0.651274E+00 -0.118467E-08 -0.433602E-06 -0.163292E-09  0.172673E+00 -0.187484E-14
  0.140031E-14 -0.478587E-09  0.488253E-14  0.113976E-09  0.648866E-15  0.139721E-12
 4.7469
  0.415546E+01 -0.200425E-07  0.136088E-04 -0.154503E-08  0.656726E+00  0.584705E-15
 -0.381230E-07  0.415545E+01  0.221857E-05 -0.656724E+00  0.200486E-08 -0.412571E-09
  0.625781E-05  0.971996E-06  0.308531E+02  0.476899E-06  0.148323E-05 -0.205816E-14
 -0.180254E-08 -0.658548E+00  0.127453E-06  0.173665E+00 -0.303488E-09  0.102250E-09
  0.658550E+00  0.513784E-08  0.180773E-05  0.548731E-09  0.173665E+00 -0.742575E-15
  0.716355E-15 -0.467759E-09  0.362809E-14  0.112988E-09 -0.103310E-14  0.139716E-12
 4.9490
  0.419881E+01  0.100679E-07  0.107717E-04  0.330500E-08  0.662301E+00 -0.583268E-14
 -0.374488E-07  0.419878E+01 -0.143604E-05 -0.662297E+00 -0.295215E-08 -0.405586E-09
  0.605767E-05  0.150654E-05  0.298950E+02  0.754151E-07  0.890490E-06 -0.358934E-14
  0.174365E-08 -0.663915E+00  0.259342E-06  0.174343E+00 -0.264635E-09  0.101334E-09
  0.663918E+00 -0.358433E-08  0.155441E-05  0.855653E-09  0.174344E+00  0.198535E-14
 -0.529585E-14 -0.461578E-09 -0.790777E-15  0.112110E-09 -0.835994E-15  0.140197E-12
 5.1510
  0.423234E+01 -0.522635E-07 -0.448393E-06  0.453139E-08  0.665994E+00  0.433225E-14
  0.252560E-07  0.423233E+01 -0.119868E-05 -0.665990E+00  0.402288E-08 -0.400960E-09
 -0.117812E-05 -0.130974E-05  0.289807E+02 -0.846613E-06 -0.177911E-06  0.387962E-14
  0.191821E-08 -0.667459E+00 -0.506747E-06  0.174794E+00  0.155378E-09  0.100180E-09
  0.667460E+00  0.367822E-08  0.650893E-07 -0.100007E-08  0.174794E+00 -0.571167E-15
 -0.179315E-14 -0.457638E-09 -0.144139E-14  0.111121E-09 -0.985060E-15  0.140133E-12
 5.3531
  0.424976E+01 -0.108628E-07 -0.530289E-05 -0.946013E-09  0.667422E+00  0.804711E-14
 -0.572501E-07  0.424975E+01 -0.747720E-06 -0.667419E+00  0.463220E-08 -0.392420E-09
 -0.393924E-05 -0.938119E-06  0.281059E+02 -0.313598E-07 -0.478096E-06 -0.290360E-14
 -0.387376E-08 -0.668950E+00 -0.171000E-06  0.174846E+00  0.989508E-09  0.988167E-10
  0.668951E+00  0.247649E-08 -0.445387E-06 -0.679607E-10  0.174847E+00  0.158661E-14
 -0.139671E-15 -0.448903E-09  0.251472E-15  0.109688E-09 -0.666271E-15  0.140091E-12
 5.5551
  0.425538E+01  0.211136E-07 -0.721305E-05 -0.806824E-09  0.666868E+00 -0.130306E-13
 -0.616120E-08  0.425537E+01  0.204154E-05 -0.666865E+00  0.136217E-08 -0.381314E-09
 -0.304288E-05  0.612495E-06  0.272694E+02 -0.178507E-06 -0.649148E-06  0.559598E-15
  0.966617E-08 -0.668108E+00 -0.785511E-06  0.174316E+00  0.157174E-10  0.974298E-10
  0.668109E+00  0.581804E-08 -0.753092E-06 -0.261956E-10  0.174317E+00  0.849390E-16
 -0.940852E-14 -0.438192E-09  0.149892E-16  0.108270E-09  0.117416E-15  0.139902E-12
 5.7571
  0.424713E+01 -0.293306E-07 -0.537070E-06 -0.440818E-08  0.663500E+00  0.155046E-13
  0.123955E-07  0.424712E+01  0.405068E-06 -0.663498E+00 -0.237597E-08 -0.370712E-09
 -0.981933E-06  0.154598E-05  0.264819E+02  0.335669E-06 -0.342949E-06 -0.470536E-14
 -0.431972E-08 -0.664579E+00  0.671378E-06  0.173414E+00  0.278039E-09  0.955046E-10
  0.664581E+00  0.700153E-09 -0.289889E-06  0.475194E-09  0.173414E+00  0.125348E-14
  0.667439E-14 -0.426711E-09  0.506212E-15  0.106227E-09  0.325422E-15  0.140051E-12
 5.9592
  0.422184E+01  0.589971E-07  0.620133E-06 -0.164098E-08  0.657199E+00 -0.884947E-14
  0.586259E-07  0.422182E+01 -0.666042E-06 -0.657196E+00  0.305730E-08 -0.359238E-09
  0.815800E-07  0.806853E-06  0.257422E+02 -0.361406E-06  0.875188E-08 -0.387514E-14
  0.926469E-08 -0.658232E+00 -0.503819E-06  0.172132E+00  0.361406E-09  0.935278E-10
  0.658234E+00  0.598029E-08 -0.458223E-06  0.732579E-10  0.172132E+00  0.288772E-14
 -0.857423E-14 -0.414285E-09  0.197483E-14  0.104062E-09 -0.103923E-14  0.140039E-12
 6.1612
  0.417843E+01  0.421638E-07  0.250319E-05 -0.682104E-08  0.648021E+00 -0.291916E-14
 -0.269629E-07  0.417842E+01 -0.254117E-05 -0.648020E+00 -0.850268E-10 -0.347210E-09
  0.128455E-05 -0.267628E-05  0.250472E+02  0.173115E-06  0.264225E-06 -0.792859E-14
 -0.122816E-08 -0.649081E+00  0.381279E-06  0.170370E+00 -0.236185E-09  0.916671E-10
  0.649082E+00  0.702179E-08 -0.113067E-06 -0.661319E-10  0.170370E+00  0.176591E-14
  0.956639E-14 -0.401899E-09 -0.120731E-14  0.102057E-09  0.177154E-14  0.140077E-12
 6.3633
  0.412061E+01  0.240304E-07  0.896889E-06  0.493962E-09  0.636752E+00 -0.122132E-13
  0.292261E-07  0.412060E+01  0.281291E-05 -0.636750E+00 -0.346688E-08 -0.334632E-09
  0.528942E-06 -0.160483E-06  0.243905E+02  0.380351E-06  0.141676E-06  0.544358E-14
 -0.716932E-08 -0.637545E+00 -0.385455E-06  0.168045E+00 -0.562568E-09  0.897807E-10
  0.637546E+00  0.603732E-09  0.144017E-06 -0.365898E-10  0.168045E+00  0.154409E-14
  0.788553E-14 -0.389335E-09  0.165314E-14  0.100164E-09 -0.911080E-15  0.140122E-12
 6.5653
  0.404844E+01 -0.100185E-07  0.203817E-05 -0.294349E-08  0.622971E+00  0.304388E-15
 -0.225727E-07  0.404843E+01  0.234196E-05 -0.622970E+00 -0.558555E-09 -0.321735E-09
  0.169659E-05  0.554299E-06  0.237802E+02  0.603204E-06  0.463015E-06  0.166399E-13
 -0.120355E-08 -0.623698E+00  0.162956E-06  0.165411E+00 -0.181752E-09  0.876399E-10
  0.623697E+00  0.201700E-09  0.614517E-06  0.753606E-10  0.165411E+00  0.155576E-14
 -0.540342E-14 -0.374625E-09  0.514923E-14  0.977340E-10  0.681703E-16  0.140372E-12
 6.7673
  0.396371E+01  0.183637E-07  0.857648E-06 -0.480810E-08  0.607015E+00 -0.108605E-13
  0.349211E-08  0.396371E+01  0.215214E-05 -0.607016E+00 -0.297603E-08 -0.310117E-09
  0.325059E-06  0.146223E-05  0.232150E+02 -0.602501E-06  0.406805E-06  0.590601E-15
  0.460812E-08 -0.607717E+00 -0.423801E-06  0.162516E+00  0.121708E-08  0.855800E-10
  0.607716E+00 -0.184067E-08  0.705165E-06 -0.485971E-09  0.162516E+00  0.393734E-15
  0.791518E-14 -0.361275E-09 -0.830533E-15  0.954443E-10  0.594190E-15  0.140345E-12
 6.9694
  0.386754E+01 -0.172717E-07  0.372027E-06 -0.349110E-08  0.589225E+00  0.107687E-13
  0.119850E-07  0.386754E+01 -0.135010E-05 -0.589226E+00  0.283965E-08 -0.298736E-09
  0.166610E-05 -0.559177E-06  0.226938E+02 -0.272840E-06  0.417462E-06 -0.567108E-14
 -0.397968E-08 -0.590012E+00  0.697919E-06  0.159451E+00  0.300669E-09  0.837369E-10
  0.590011E+00  0.105234E-08  0.751003E-06 -0.141982E-08  0.159450E+00 -0.238950E-16
 -0.788448E-14 -0.349263E-09 -0.108921E-14  0.934512E-10 -0.397752E-15  0.140237E-12
 7.1714
  0.376286E+01 -0.111035E-07 -0.202590E-06 -0.360377E-08  0.570514E+00 -0.108678E-13
 -0.814907E-08  0.376287E+01  0.139294E-05 -0.570515E+00  0.238628E-08 -0.287461E-09
  0.188046E-06  0.885197E-07  0.222072E+02  0.812635E-07  0.670107E-07  0.606863E-14
  0.949643E-09 -0.571253E+00  0.100678E-06  0.156105E+00  0.892827E-09  0.820841E-10
  0.571252E+00  0.286922E-08  0.197396E-06  0.235382E-09  0.156105E+00 -0.805022E-15
 -0.120705E-14 -0.337450E-09 -0.102950E-14  0.916563E-10 -0.111029E-14  0.140230E-12
 7.3735
  0.365241E+01 -0.944147E-08 -0.100844E-05  0.205249E-09  0.551221E+00  0.147559E-14
 -0.205012E-07  0.365241E+01 -0.229011E-05 -0.551222E+00 -0.115255E-08 -0.276743E-09
 -0.862931E-06  0.680022E-06  0.217556E+02 -0.637346E-06 -0.125802E-06 -0.325231E-14
  0.257548E-08 -0.551767E+00 -0.566141E-06  0.152595E+00  0.457864E-09  0.806781E-10
  0.551766E+00  0.103434E-07  0.520386E-07  0.749949E-09  0.152595E+00 -0.143041E-15
  0.621925E-14 -0.324595E-09  0.107093E-14  0.898796E-10 -0.300669E-15  0.140288E-12
 7.5755
  0.353787E+01 -0.381110E-08 -0.492738E-06 -0.660795E-09  0.531233E+00 -0.908636E-15
  0.198700E-07  0.353787E+01 -0.852210E-06 -0.531233E+00 -0.442579E-08 -0.267432E-09
  0.833524E-07  0.561645E-06  0.213426E+02 -0.299417E-06  0.693374E-07  0.879325E-15
 -0.258171E-08 -0.531749E+00 -0.254237E-06  0.149098E+00  0.799101E-09  0.791916E-10
  0.531749E+00 -0.884005E-08  0.132774E-07 -0.733790E-09  0.149098E+00  0.520267E-15
  0.878409E-14 -0.313537E-09 -0.406688E-15  0.881372E-10  0.932451E-15  0.140449E-12
 7.7776
  0.342068E+01 -0.156941E-07  0.524004E-06 -0.359235E-09  0.510892E+00 -0.471066E-15
 -0.282299E-07  0.342068E+01 -0.181671E-05 -0.510892E+00  0.120493E-08 -0.260669E-09
 -0.765889E-06  0.891651E-07  0.209663E+02  0.115704E-06 -0.129325E-06 -0.388272E-14
  0.420978E-09 -0.511447E+00 -0.226004E-06  0.145652E+00 -0.254458E-09  0.779707E-10
  0.511447E+00 -0.760755E-08 -0.881323E-07 -0.972928E-10  0.145652E+00 -0.513890E-15
 -0.381458E-14 -0.304856E-09 -0.749422E-15  0.866736E-10 -0.110451E-14  0.140431E-12
 7.9796
  0.330310E+01  0.164347E-07  0.201680E-06 -0.612744E-09  0.490645E+00 -0.161255E-13
  0.181051E-07  0.330311E+01  0.997634E-06 -0.490645E+00 -0.561682E-09 -0.254204E-09
 -0.177404E-07 -0.126635E-05  0.206225E+02  0.357521E-06  0.280111E-07  0.289396E-14
 -0.303819E-08 -0.491234E+00  0.233382E-06  0.142322E+00  0.244368E-09  0.770183E-10
  0.491234E+00 -0.125102E-07 -0.868345E-07 -0.634627E-09  0.142322E+00 -0.556531E-16
  0.467399E-14 -0.297532E-09  0.150263E-14  0.855996E-10  0.973930E-16  0.140405E-12
 8.1816
  0.318617E+01 -0.130906E-08 -0.244964E-06  0.216279E-08  0.470793E+00  0.553644E-14
  0.461584E-07  0.318617E+01  0.104929E-05 -0.470793E+00  0.562040E-09 -0.248558E-09
  0.710305E-07  0.433496E-06  0.203088E+02 -0.682416E-07  0.129312E-06 -0.618778E-14
 -0.207030E-08 -0.471415E+00  0.137337E-06  0.139077E+00 -0.889304E-10  0.763284E-10
  0.471415E+00 -0.563819E-09 -0.573708E-07 -0.540697E-09  0.139077E+00 -0.183191E-15
  0.248283E-15 -0.290885E-09 -0.123145E-14  0.846949E-10 -0.106437E-15  0.140533E-12
 8.3837
  0.307166E+01 -0.148233E-07  0.444351E-06 -0.944245E-09  0.451860E+00  0.304582E-15
 -0.242310E-08  0.307166E+01  0.106975E-05 -0.451859E+00 -0.356175E-08 -0.244576E-09
 -0.223286E-06  0.644031E-07  0.200201E+02  0.908975E-07 -0.133305E-06  0.291339E-14
 -0.652640E-09 -0.452342E+00 -0.224703E-06  0.135826E+00  0.492951E-09  0.759489E-10
  0.452341E+00 -0.356348E-08  0.102645E-06 -0.256890E-09  0.135826E+00 -0.286042E-14
 -0.300340E-14 -0.285681E-09 -0.278427E-14  0.841130E-10 -0.615785E-15  0.140673E-12
 8.5857
  0.295988E+01 -0.983041E-09  0.156202E-06 -0.952533E-09  0.433608E+00 -0.704742E-14
 -0.325692E-07  0.295988E+01 -0.144595E-06 -0.433609E+00  0.104067E-08 -0.240725E-09
  0.737620E-08  0.171659E-06  0.197582E+02 -0.598503E-07 -0.100663E-06 -0.310345E-14
 -0.720332E-09 -0.433970E+00  0.132446E-06  0.132730E+00 -0.640672E-09  0.757903E-10
  0.433970E+00  0.207286E-08 -0.694230E-07 -0.203388E-09  0.132730E+00 -0.769398E-15
 -0.138726E-14 -0.280856E-09  0.140625E-14  0.837359E-10  0.128502E-15  0.140864E-12
 8.7878
  0.285224E+01  0.279852E-07 -0.983490E-07 -0.457037E-09  0.415934E+00 -0.247622E-14
  0.229181E-08  0.285225E+01  0.215197E-05 -0.415934E+00  0.125851E-08 -0.238990E-09
  0.592850E-06 -0.660783E-07  0.195226E+02  0.630049E-06  0.108523E-06 -0.146552E-14
  0.115915E-10 -0.416286E+00  0.113557E-06  0.129850E+00  0.794847E-10  0.755207E-10
  0.416286E+00  0.142907E-08  0.213231E-06  0.616006E-09  0.129850E+00  0.701173E-15
 -0.440202E-14 -0.277242E-09  0.255518E-14  0.832076E-10  0.242450E-14  0.140984E-12
 8.9898
  0.274886E+01 -0.254462E-07 -0.203880E-06  0.144713E-08  0.399071E+00 -0.514987E-14
 -0.386549E-07  0.274886E+01  0.135410E-05 -0.399070E+00  0.292664E-08 -0.238898E-09
 -0.595480E-06 -0.574514E-06  0.193097E+02 -0.159023E-06 -0.100283E-06 -0.104232E-13
 -0.244264E-08 -0.399400E+00 -0.489253E-06  0.127168E+00  0.812595E-09  0.754338E-10
  0.399401E+00  0.225973E-08  0.142965E-06  0.110073E-09  0.127168E+00  0.102503E-14
 -0.472766E-14 -0.275774E-09  0.503255E-15  0.830226E-10  0.234261E-15  0.140985E-12
 9.1918
  0.264962E+01 -0.145965E-07  0.847040E-06  0.474940E-09  0.383050E+00  0.374429E-14
 -0.404523E-07  0.264962E+01  0.679101E-07 -0.383050E+00  0.240636E-09 -0.239002E-09
 -0.176298E-06  0.513620E-06  0.191170E+02  0.200969E-06 -0.826776E-07 -0.328531E-14
  0.590509E-09 -0.383369E+00  0.254948E-07  0.124695E+00 -0.440111E-09  0.755863E-10
  0.383369E+00  0.422380E-08 -0.214394E-06 -0.256468E-09  0.124695E+00  0.138901E-15
  0.174981E-13 -0.274775E-09  0.234924E-14  0.830425E-10  0.363483E-15  0.140890E-12
 9.3939
  0.255465E+01 -0.138798E-07 -0.584934E-06  0.948040E-09  0.367903E+00  0.709115E-16
  0.102859E-08  0.255465E+01  0.881467E-06 -0.367903E+00 -0.678499E-09 -0.239660E-09
 -0.580572E-06 -0.502102E-06  0.189446E+02  0.379191E-06 -0.935895E-07 -0.647658E-14
 -0.222604E-08 -0.368261E+00 -0.126777E-06  0.122408E+00  0.545278E-09  0.758708E-10
  0.368261E+00  0.571612E-09  0.126504E-06  0.743561E-10  0.122408E+00 -0.342739E-15
 -0.184518E-14 -0.274399E-09  0.830255E-15  0.831270E-10  0.142377E-14  0.140823E-12
 9.5959
  0.246499E+01 -0.125078E-07 -0.625416E-06 -0.603555E-09  0.353951E+00  0.367918E-14
  0.867420E-08  0.246499E+01 -0.314552E-06 -0.353950E+00 -0.685444E-09 -0.241788E-09
 -0.345124E-06  0.761995E-07  0.187918E+02  0.572910E-06 -0.364923E-07 -0.166604E-14
  0.374568E-09 -0.354243E+00 -0.233294E-07  0.120166E+00  0.567159E-09  0.764488E-10
  0.354243E+00  0.289646E-09  0.133546E-06  0.163779E-09  0.120166E+00 -0.752033E-16
  0.118590E-15 -0.276240E-09 -0.697077E-15  0.836460E-10 -0.107382E-14  0.140850E-12
 9.7980
  0.238048E+01 -0.230503E-07  0.780193E-06 -0.415856E-08  0.340953E+00  0.351266E-15
 -0.151550E-07  0.238048E+01 -0.945085E-06 -0.340953E+00  0.108122E-08 -0.244303E-09
  0.152084E-06  0.360499E-06  0.186544E+02 -0.432490E-08 -0.410628E-07  0.158636E-14
  0.495314E-08 -0.341131E+00 -0.274405E-06  0.118061E+00 -0.454471E-09  0.772608E-10
  0.341131E+00  0.241196E-08  0.238392E-06 -0.338625E-09  0.118061E+00  0.113312E-16
  0.383312E-15 -0.278658E-09 -0.107080E-14  0.843811E-10 -0.179670E-14  0.141008E-12
10.0000
  0.230072E+01  0.755535E-08 -0.187382E-06  0.386790E-08  0.328702E+00  0.643929E-15
 -0.281143E-07  0.230072E+01 -0.546710E-06 -0.328702E+00  0.213622E-08 -0.247111E-09
  0.118092E-06 -0.631006E-06  0.185327E+02  0.139233E-07  0.543892E-07  0.195399E-14
  0.356522E-08 -0.328812E+00 -0.617583E-07  0.116153E+00  0.215368E-09  0.779224E-10
  0.328812E+00 -0.154978E-08  0.135228E-06  0.229920E-09  0.116153E+00 -0.183187E-15
  0.266297E-14 -0.280453E-09 -0.721645E-16  0.848372E-10  0.105471E-15  0.141223E-12
