  3.3815838E-02  -1.570796       3.382536     -5.0824167E-12 -4.0836312E-09
  1.9640576E-19  1.5832484E-07  8.0092377E-11 -5.5342753E-09 -1.5484821E-21
  0.5309308     -3.6322635E-13 -1.2778542E-14 -9.3906002E-27  0.3074392    
  -1.570796       3.378681      1.6158880E-08 -2.9274547E-08  1.6447347E-16
  5.9201915E-07 -2.1918822E-09 -5.7543366E-09  1.4975543E-18  0.5318987    
  2.7248070E-09  7.8387639E-15  4.8677640E-24  0.8551666      -1.570796    
   3.389767      5.7957226E-07 -1.3495871E-08  2.3019781E-15  6.9283615E-08
  1.7316779E-09 -5.1114708E-09  8.8384161E-16  0.5319587      1.1094507E-07
 -2.7556646E-15 -7.4850152E-24   1.671077      -1.570794       3.399329    
  6.1115052E-06 -7.0325488E-09 -5.6010752E-14 -6.9837074E-07  2.6135240E-08
 -1.2030038E-09  7.7195195E-15  0.5339888      1.1569180E-06  1.8362215E-15
  1.5561335E-23   2.738749      -1.570785       3.400027      3.5345132E-05
 -5.4271453E-08  2.0294877E-13  1.2818766E-07  1.0477379E-09 -4.4665391E-10
  3.7234105E-14  0.5354599      6.7002406E-06  3.5758813E-15  1.0655120E-22
   4.073682      -1.570759       3.424418      1.4350335E-04 -3.6700789E-09
  1.2754242E-12  1.1014431E-06  5.1280949E-08 -4.9300302E-09 -2.1488367E-13
  0.5371307      2.7165519E-05 -8.3554167E-15 -2.8020743E-22   5.636560    
  -1.570695       3.440813      4.5925693E-04 -7.5008217E-08  5.6123994E-12
  7.8139840E-07 -1.3154931E-08 -3.9173051E-09 -4.7983839E-13  0.5386295    
  8.6793276E-05 -3.5471247E-15 -7.0194030E-23   7.375690      -1.570560    
   3.440620      1.2396431E-03  1.6240483E-08 -2.5959679E-11  2.5056086E-06
  2.3480970E-07 -2.0781092E-09  3.0198066E-13  0.5415757      2.3385444E-04
 -7.0726891E-15  2.5394445E-22   9.388937      -1.570307       3.478166    
  2.9523664E-03  7.4187105E-09  3.6152414E-11  6.5277868E-07  9.1269612E-08
  2.9526468E-09 -4.1247006E-12  0.5449922      5.5583467E-04 -2.2192865E-15
 -8.3313631E-21   11.47166      -1.569857       3.482654      6.3556666E-03
 -1.3009259E-08  5.7610805E-11  9.3502820E-07 -2.7520582E-07 -6.5425576E-10
 -9.7699626E-13  0.5483124      1.1936899E-03  7.1531221E-15  9.0791344E-21
   13.82219      -1.569130       3.526329      1.2657024E-02  2.2619757E-08
  1.6669333E-10  9.2323739E-07  9.6391886E-08 -1.3897150E-10 -1.7408297E-12
  0.5527699      2.3717131E-03  3.7023492E-15  2.0414818E-20   16.12637    
  -1.567979       3.536982      2.3570901E-02  7.3309430E-09  1.8656010E-10
  3.1679699E-07  2.9336661E-08 -4.7619803E-10 -3.1647573E-11  0.5580349    
  4.4032545E-03  1.7810716E-15 -4.2411204E-20   18.65007      -1.566296    
   3.580970      4.1593023E-02 -2.2636401E-08 -1.6518698E-10 -7.1200617E-07
  9.2759728E-07 -3.0349032E-09 -6.4190431E-11  0.5629695      7.7497754E-03
 -3.5671230E-15 -1.3518116E-19   21.21834      -1.563900       3.630048    
  7.0041776E-02 -1.6929452E-08  5.1022653E-10 -3.6022798E-06  1.0505319E-06
 -2.0067699E-09  1.8758328E-11  0.5705445      1.3009184E-02  8.5062674E-15
  2.8799120E-19   23.56854      -1.560524       3.653751      0.1131533    
  2.0869580E-08 -7.5124262E-10 -7.4058780E-06  7.8231096E-07  6.0223644E-09
  7.9978690E-11  0.5775518      2.0934300E-02  4.0782193E-15  1.2361387E-20
   26.02058      -1.556108       3.705762      0.1764184      3.3458214E-08
 -4.7748472E-10  1.6338096E-06  1.3951212E-06 -5.2990229E-10 -3.6970960E-10
  0.5846710      3.2543555E-02 -1.2010959E-14 -1.4639256E-19   28.41574    
  -1.550442       3.771857      0.2665609     -2.0382663E-08  2.1473170E-09
  1.5475034E-05  1.8132851E-06  4.8467768E-09  5.4285465E-10  0.5938802    
  4.9002197E-02 -5.9434650E-15  6.8440262E-19   30.39849      -1.543109    
   3.821131      0.3914434      4.0839474E-09 -1.6616468E-09  8.9066934E-06
  2.7194619E-06  4.0962980E-09 -8.2968654E-10  0.6036049      7.1620680E-02
  1.0215329E-14 -8.3750383E-20   32.00282      -1.533995       3.867029    
  0.5597824     -3.8047173E-08 -1.4279067E-09 -3.9852566E-06 -1.8626451E-07
  1.3513173E-09 -7.0281203E-10  0.6130257      0.1019652     -4.5336037E-15
  8.9483737E-19   33.39663      -1.523378       3.933132      0.7807470    
 -1.9810059E-08 -1.1363227E-08 -1.1075308E-06  2.2277236E-06  2.1169646E-09
  6.1345418E-10  0.6221441      0.1417752      1.2003703E-15 -2.1205470E-18
   34.30862      -1.511053       4.005497       1.065034      2.2442080E-08
  2.0076186E-08 -7.1072442E-08 -1.2507662E-06 -2.2262854E-09  1.6843842E-09
  0.6324086      0.1926763      1.6541559E-15  6.5882223E-18   34.43992    
  -1.496673       4.068151       1.423902      3.2804039E-08 -7.4105628E-09
 -1.4097897E-06  7.5437129E-07  1.4157003E-09 -9.5315045E-10  0.6426181    
  0.2562436      6.6688996E-15  2.3784685E-18   33.57631      -1.479948    
   4.112221       1.868298      1.2467861E-08 -1.8178980E-08  9.4261384E-07
  1.8496066E-06  6.3860166E-09 -2.6966518E-09  0.6512744      0.3339285    
  1.4003101E-15  6.4412620E-18   31.83937      -1.462268       4.155456    
   2.402304     -3.8123012E-08 -8.3309715E-09  6.2578147E-06  3.2223761E-06
 -1.8025355E-09  1.1623342E-09  0.6585503      0.4271670      7.1635461E-16
  1.7726282E-18   29.13878      -1.445040       4.198806       3.029792    
 -3.7448775E-08 -3.4706318E-09  6.0576685E-06  1.8887222E-06  1.7436498E-09
  2.8539944E-09  0.6639177      0.5367069     -5.2958541E-15  2.3987973E-18
   25.21782      -1.429285       4.232344       3.757729      2.5255993E-08
  4.2753527E-08 -1.1781158E-06 -1.9054860E-06  1.9182125E-09 -1.0797521E-08
  0.6674603      0.6622322     -1.7931467E-15  5.4454054E-17   19.89371    
  -1.419245       4.249763       4.583526     -5.7250109E-08 -3.9770384E-08
 -3.9392426E-06  7.4505806E-09 -3.8737609E-09 -6.3664629E-10  0.6689511    
  0.8028457     -1.3967070E-16 -5.9834407E-17   13.15904      -1.433388    
   4.255380       5.493357     -6.1612018E-09 -1.5730620E-08 -3.0428794E-06
 -5.9064478E-06  9.6661719E-09  1.0477379E-09  0.6681088      0.9575105    
 -9.4085167E-15 -2.9772361E-17   5.054124      -1.612008       4.247130    
   6.480289      1.2395487E-08 -1.0040822E-08 -9.8193289E-07 -3.3713877E-06
 -4.3197161E-09  3.8344297E-09  0.6645805       1.124009      6.6743913E-15
 -1.1285189E-16   5.345592       2.208829       4.221838       7.533051    
  5.8625883E-08 -8.8999514E-08  8.1580033E-08  3.9432198E-06  9.2646868E-09
  5.2568794E-09  0.6582335       1.298901     -8.5742308E-15 -1.0679391E-17
   16.62048       2.025309       4.178435       8.628186     -2.6962933E-08
  4.2229658E-08  1.2845466E-06  1.4305115E-06 -1.2281645E-09  8.9276000E-09
  0.6490815       1.479301      9.5663943E-15 -2.2554793E-16   29.58972    
   2.013608       4.120608       9.746656      2.9226110E-08 -6.0885213E-08
  5.2894228E-07  2.0563602E-06 -7.1693154E-09 -3.4960976E-09  0.6375459    
   1.662325      7.8855345E-15 -2.8441333E-16   44.05074       2.026885    
   4.048435       10.87207     -2.2572703E-08 -1.5139813E-07  1.6965878E-06
  5.7071447E-06 -1.2035524E-09  1.1787051E-08  0.6236966       1.843988    
 -5.4034184E-15 -8.0174040E-16   59.86762       2.048267       3.963707    
   11.98339      3.4921090E-09  7.6397555E-08  3.2505858E-07  5.4053962E-06
  4.6081219E-09 -2.1209416E-09  0.6077164       2.021179      7.9151849E-15
  2.1076890E-16   76.89732       2.072619       3.867535       13.06790    
  1.1984985E-08 -5.3551048E-09  1.6661049E-06  6.1839819E-06 -3.9796828E-09
 -1.6101694E-08  0.5900114       2.190795     -7.8844766E-15  1.1546753E-16
   95.01244       2.098033       3.762864       14.10577     -8.1490716E-09
 -2.5553163E-08  1.8804552E-07  3.5520643E-06  9.4964281E-10  5.8353180E-09
  0.5712523       2.351286     -1.2070495E-15 -1.7469208E-16   114.0198    
   2.123515       3.652408       15.08445     -2.0501245E-08  3.3003744E-08
 -8.6293113E-07 -4.9546361E-07  2.5754838E-09  2.3548637E-08  0.5517662    
   2.500994      6.2192458E-15 -8.2160841E-16   133.6883       2.148506    
   3.537870       15.99991      1.9869951E-08 -9.6595613E-08  8.3352369E-08
 -6.0182065E-06 -2.5817106E-09  3.1948730E-08  0.5317494       2.638345    
  8.7840942E-15  7.0836349E-16   153.7793       2.172766       3.420676    
   16.84880     -2.8229875E-08  2.7561327E-08 -7.6588879E-07 -4.2971224E-06
  4.2097839E-10  8.2145561E-09  0.5114471       2.762640     -3.8145824E-15
  2.1867274E-15   174.0649       2.195883       3.303101       17.62672    
  1.8105116E-08  2.5727786E-08 -1.7740387E-08 -5.3644180E-07 -3.0381873E-09
 -4.0345185E-08  0.4912341       2.872758      4.6739934E-15 -2.5234806E-15
   194.3303       2.217813       3.186169       18.33216      4.6158426E-08
  1.7817365E-07  7.1030477E-08 -5.4258853E-06 -2.0702993E-09 -1.0746589E-08
  0.4714154       2.969641      2.4828309E-16  3.1239795E-15   214.3867    
   2.238452       3.071661       18.95794     -2.4230993E-09  7.9890015E-08
 -2.2328616E-07 -3.3862889E-06 -6.5263994E-10  8.6729415E-09  0.4523413    
   3.055239     -3.0033982E-15  7.0982716E-16   233.9221       2.257734    
   2.959875       19.51200     -3.2569172E-08  1.8160790E-08  7.3761988E-09
 -3.8146973E-06 -7.2033191E-10 -6.3810148E-09  0.4339704       3.128446    
 -1.3872592E-15 -2.0688746E-15   252.6764       2.275737       2.852244    
   20.00169      2.2918083E-09  9.0483809E-08  5.9284974E-07 -2.3357570E-06
  1.1591517E-11 -2.1434971E-08  0.4162858       3.189867     -4.4020230E-15
 -4.2020424E-15   270.3869       2.292426       2.748855       20.42985    
 -3.8654910E-08 -3.1144009E-07 -5.9547983E-07  3.8109720E-06 -2.4426405E-09
  1.7520506E-08  0.3994007       3.239813     -4.7276631E-15 -2.3643197E-15
   286.7845       2.307795       2.649620       20.80059     -4.0452257E-08
  2.3038592E-07 -1.7629789E-07 -7.4692070E-06  5.9050925E-10 -2.2126187E-08
  0.3833690       3.278605      1.7498051E-14 -1.6616482E-15   301.6423    
   2.321928       2.554649       21.11851      1.0285924E-09  9.7759767E-08
 -5.8057225E-07  3.7532300E-06 -2.2260351E-09 -2.4592737E-08  0.3682611    
   3.307603     -1.8451759E-15 -2.3787396E-16   314.8252       2.334839    
   2.464995       21.37687      8.6742036E-09 -5.1426468E-08 -3.4512414E-07
  1.6205013E-07  3.7456790E-10  1.9070285E-08  0.3542432       3.331047    
  1.1858985E-16 -4.5373861E-15   326.0265       2.346541       2.380478    
   21.58343     -1.5154967E-08  1.2846431E-07  1.5208434E-07  3.8500875E-06
  4.9531375E-09 -2.1347660E-08  0.3411307       3.347871      3.8331211E-16
 -9.6808954E-15   334.9699       2.357007       2.300718       21.74805    
 -2.8114300E-08  8.7893568E-09  1.1809171E-07  1.7322600E-07  3.5652192E-09
 -3.4866389E-08  0.3288120       3.356620      2.6629740E-15 -5.4188425E-16
  1.1118987E-08  -3.129093      7.1941031E-09 -3.0152255E-18   3.382532    
 -6.4117314E-12 -2.0965672E-06 -1.1370815E-10 -0.5309301      2.9027296E-13
 -3.6197889E-09  5.9939492E-19 -4.6354112E-10 -4.9776372E-20  3.1463156E-08
  5.9930462E-02  8.9455696E-08  1.8412463E-16   3.378681      1.5983392E-08
 -2.0989748E-06 -5.3066742E-09 -0.5318984     -2.7703029E-09  6.6893033E-09
 -6.5011473E-17 -4.6338186E-10 -3.8055482E-18  7.9634852E-08  -2.071288    
  2.9005298E-08  1.1773568E-14   3.389760      5.8130786E-07 -3.3847934E-07
 -2.2711902E-08 -0.5319581     -1.1095714E-07 -1.0282482E-08 -9.0422461E-17
 -4.6367230E-10 -9.4354891E-17  2.6683512E-07  0.3054485      9.2942987E-09
  3.9079850E-14   3.399322      6.1125397E-06  1.7393322E-07 -6.2904292E-08
 -0.5339876     -1.1583633E-06 -6.5843206E-09 -1.8551133E-14 -4.7589771E-10
 -6.8780219E-16  7.7250144E-07   2.951137     -1.0255014E-09 -1.3977708E-13
   3.400021      3.5340807E-05  2.7291476E-06  6.0581442E-08 -0.5354590    
 -6.6988300E-06 -4.8350786E-09 -1.8984814E-14 -4.7571813E-10 -4.3441503E-15
  3.4658902E-07 -0.3346696      7.5695379E-09 -4.5830006E-13   3.424413    
  1.4350555E-04 -1.6826001E-06 -7.2879629E-08 -0.5371298     -2.7162316E-05
  1.2189905E-09 -9.2426067E-14 -4.8010107E-10 -1.9002418E-14  2.4831827E-06
  -2.610388      5.7775398E-09  5.7660543E-12   3.440801      4.5923566E-04
 -1.4558070E-07  3.0307638E-07 -0.5386275     -8.6791464E-05 -3.8369072E-09
  1.1879386E-13 -4.7232251E-10 -6.1820598E-14  3.2591938E-06 -0.2368742    
  2.6782383E-08 -1.6093793E-12   3.440612      1.2396416E-03 -5.6951239E-07
  4.2004103E-08 -0.5415745     -2.3385465E-04 -2.3063408E-10  1.4406254E-12
 -4.6785703E-10 -1.6218948E-13  2.3425603E-06   2.975946      1.6278770E-08
 -5.0960125E-11   3.478157      2.9523405E-03 -1.5574714E-06 -3.7858263E-07
 -0.5449910     -5.5583101E-04 -5.9074132E-09  9.3098862E-12 -4.7662463E-10
 -3.7914493E-13  2.5218546E-06 -0.8752187     -1.6900659E-08 -7.3484330E-11
   3.482645      6.3556642E-03  9.3788037E-07 -1.0011718E-07 -0.5483112    
 -1.1936956E-03  3.2599006E-09 -5.9010574E-12 -4.6760640E-10 -7.9227190E-13
  1.3092181E-05  0.1252506     -1.7211878E-08 -4.3314685E-11   3.526318    
  1.2656995E-02  7.7110307E-08 -6.6931534E-07 -0.5527683     -2.3716984E-03
  1.6453539E-09 -2.2168933E-12 -4.7457771E-10 -1.5569048E-12  8.8538882E-06
  0.2493603     -5.9130006E-08  6.1220362E-11   3.536965      2.3570755E-02
 -4.2745037E-07  1.5073310E-06 -0.5580327     -4.4032470E-03  2.6347535E-09
 -1.3301360E-11 -4.7679510E-10 -2.8554270E-12  5.6473409E-06  0.2331292    
  2.1154976E-09  3.2969183E-10   3.580951      4.1592788E-02 -1.1767931E-06
 -2.6804919E-06 -0.5629669     -7.7497433E-03  5.9948708E-09 -7.3526962E-11
 -4.7024612E-10 -4.9468025E-12  4.5630750E-06  -1.003754      7.7143220E-08
 -6.8826012E-10   3.630023      7.0041455E-02 -7.6103544E-07 -1.1335651E-06
 -0.5705407     -1.3009138E-02  5.8708693E-10 -4.3343107E-11 -4.7602627E-10
 -8.1501654E-12  1.7846387E-05 -7.2372690E-02 -7.2149118E-09 -6.0481398E-10
   3.653715      0.1131526     -1.1465945E-06 -3.6794809E-06 -0.5775476    
 -2.0934151E-02  3.0832319E-09  8.0149221E-11 -4.7698739E-10 -1.2864615E-11
  2.2269585E-05 -0.1209833     -2.6839086E-08 -2.1350388E-09   3.705724    
  0.1764169      3.6156069E-07  2.4080509E-07 -0.5846656     -3.2543335E-02
 -4.4158521E-10 -9.5326413E-11 -4.7228499E-10 -1.9606664E-11  5.8945730E-06
   2.038772      2.1290887E-08  8.6492946E-10   3.771833      0.2665588    
 -5.7340429E-07  1.7887214E-06 -0.5938758     -4.9001798E-02  7.0321931E-09
 -1.9394975E-10 -4.7605242E-10 -2.8804275E-11  6.0894181E-06  -3.057759    
  9.9200399E-08  1.3187673E-10   3.821119      0.3914413     -3.3791370E-08
  3.0953088E-06 -0.6036018     -7.1620315E-02 -1.2126277E-08 -5.2295945E-11
 -4.8431159E-10 -4.0848238E-11  3.4320346E-06  -2.514048     -8.0050945E-08
 -9.2095434E-09   3.867017      0.5597811     -9.8936675E-07  2.0050211E-06
 -0.6130236     -0.1019649      2.8350402E-09 -3.1263880E-10 -4.7638199E-10
 -5.6923070E-11  3.4629422E-05 -0.7514560      1.7955407E-09  8.2691258E-09
   3.933131      0.7807471      7.9373240E-07  4.2689499E-06 -0.6221433    
 -0.1417749      9.9198083E-10  9.7088559E-10 -4.7443560E-10 -7.6967085E-11
  1.6358325E-05   1.179649      1.4802073E-08 -6.8685040E-09   4.005491    
   1.065033     -1.9319448E-06  5.1327515E-06 -0.6324072     -0.1926759    
 -5.4031788E-09  1.4279067E-10 -4.7551868E-10 -1.0084809E-10  1.2984317E-05
 -0.2418647      3.7689464E-08  2.3501343E-09   4.068144       1.423902    
 -1.5724494E-07  2.5032205E-06 -0.6426167     -0.2562434      9.1308489E-10
 -1.1436896E-09 -4.7737508E-10 -1.2832140E-10  1.8859657E-05   2.026935    
 -2.4096847E-08 -9.5751602E-09   4.112216       1.868297     -1.1449429E-06
 -4.4555054E-06 -0.6512737     -0.3339277     -1.1846709E-09 -3.5106495E-09
 -4.7858723E-10 -1.6015762E-10  2.4232548E-05   2.865135     -2.0042478E-08
  7.3487172E-09   4.155446       2.402297      9.7199575E-07  3.8424623E-06
 -0.6585479     -0.4271660      5.1378390E-09  3.6206984E-09 -4.6775878E-10
 -1.9806294E-10  4.0850053E-05  -2.729503      1.0067886E-08 -5.5879354E-09
   4.198785       3.029775      1.5065369E-06  6.3299085E-06 -0.6639148    
 -0.5367051     -3.5843322E-09  8.9958121E-09 -4.6157753E-10 -2.3687952E-10
  1.6690627E-05   1.427601     -5.2263520E-08  1.2223609E-09   4.232326    
   3.757714     -1.3097407E-06 -4.0310551E-06 -0.6674588     -0.6622301    
  3.6782217E-09  2.6775524E-09 -4.5763848E-10 -2.7463595E-10  2.8388185E-05
   2.152184     -1.0862841E-08 -4.9534719E-08   4.249750       4.583514    
 -9.3811889E-07 -1.6132253E-06 -0.6689496     -0.8028438      2.4764886E-09
 -6.9103407E-09 -4.4890294E-10 -3.1514918E-10  3.0104351E-05  -2.068873    
  2.1113642E-08  4.6842615E-08   4.255368       5.493340      6.1249472E-07
 -8.5547799E-06 -0.6681075     -0.9575085      5.8180398E-09 -7.5815478E-09
 -4.3819209E-10 -3.5440453E-10  7.4957279E-05   1.404673     -2.9330595E-08
  8.5725333E-08   4.247121       6.480265      1.5459781E-06 -3.7219725E-06
 -0.6645788      -1.124007      7.0015294E-10 -1.3145836E-08 -4.2671092E-10
 -3.8414374E-10  7.0924699E-07 -0.4756864      5.8997056E-08  1.4610123E-08
   4.221820       7.533021      8.0685311E-07  2.6254565E-06 -0.6582319    
  -1.298898      5.9802896E-09 -7.2250259E-09 -4.1428497E-10 -4.1089290E-10
  2.5620924E-05   1.829185      4.2163830E-08  1.6400008E-08   4.178420    
   8.628145     -2.6762837E-06 -3.4198747E-06 -0.6490805      -1.479297    
  7.0217938E-09 -5.2204996E-09 -4.0189921E-10 -4.2905543E-10  2.7182541E-05
   2.365255      2.4030356E-08 -1.7666025E-08   4.120602       9.746632    
 -1.6048290E-07 -3.0332594E-06 -0.6375451      -1.662324      6.0373184E-10
  1.8862920E-08 -3.8933454E-10 -4.3283976E-10  7.1908682E-05  -2.041538    
 -1.0018521E-08  2.5000190E-08   4.048434       10.87206      5.5429905E-07
 -4.3476466E-06 -0.6236975      -1.843990      2.0170031E-10  4.6362402E-08
 -3.7462544E-10 -4.2787382E-10  1.6633550E-05  -1.447247      1.8363677E-08
 -1.4406396E-07   3.963712       11.98340      1.4622303E-06  1.0910386E-05
 -0.6077167      -2.021181     -1.8406684E-09  1.3831595E-08 -3.6127498E-10
 -4.0813131E-10  5.4910815E-05   2.483200     -1.7271740E-08 -1.4467514E-07
   3.867541       13.06791     -5.5917678E-07  6.9062808E-06 -0.5900120    
  -2.190798      1.0523401E-09 -6.1845640E-11 -3.4926345E-10 -3.7459291E-10
  1.5458016E-05   3.041594     -1.1103516E-08 -5.9226295E-08   3.762872    
   14.10579      8.8519698E-08  3.5075936E-06 -0.5712534      -2.351290    
  2.8692200E-09  7.8252924E-09 -3.3745032E-10 -3.3114395E-10  3.5527621E-05
  -1.712803     -9.4414672E-09  2.9371586E-07   3.652413       15.08448    
  6.8002242E-07 -7.6845172E-06 -0.5517669      -2.500997      1.0343379E-08
  8.5528882E-09 -3.2459502E-10 -2.6836328E-10  7.2121169E-05   1.893997    
 -3.8110963E-09 -6.0797902E-08   3.537873       15.99993      5.6164498E-07
 -6.8477239E-06 -0.5317494      -2.638349     -8.8400531E-09 -1.4537363E-08
 -3.1353678E-10 -1.9859038E-10  3.6037800E-05  0.7809919     -1.5694074E-08
 -1.6647391E-07   3.420678       16.84882      8.9165091E-08 -4.2271568E-06
 -0.5114469      -2.762641     -7.6075475E-09  1.1641532E-08 -3.0485642E-10
 -1.0735734E-10  4.6725519E-05  -2.652201      1.6434660E-08  1.8093851E-07
   3.303105       17.62673     -1.2663514E-06  2.4295296E-06 -0.4912343    
  -2.872759     -1.2510182E-08 -2.3392204E-08 -2.9753189E-10 -1.4957985E-11
  5.4865071E-05   1.391793     -1.3090552E-09  3.6961865E-08   3.186170    
   18.33215      4.3349650E-07  1.5533529E-05 -0.4714154      -2.969642    
 -5.6381866E-10 -1.7666025E-08 -2.9088482E-10  8.9390648E-11  3.4835684E-05
  -2.953241     -1.4823258E-08  4.4578337E-07   3.071662       18.95796    
  6.4403061E-08  8.6089130E-07 -0.4523416      -3.055244     -3.5634835E-09
 -3.5215635E-09 -2.8568059E-10  2.0778056E-10  7.5859185E-05 -0.1563996    
 -9.8304120E-10 -1.0209624E-07   2.959877       19.51200      1.7165934E-07
 -6.5671047E-06 -0.4339703      -3.128448      2.0728610E-09 -4.5823981E-08
 -2.8085628E-10  3.2829831E-10  1.7165474E-05 -0.9782116      2.7985232E-08
 -1.7817365E-07   2.852245       20.00170     -6.6078265E-08 -7.1595423E-08
 -0.4162857      -3.189868      1.4290684E-09  1.3977115E-08 -2.7724165E-10
  4.5903106E-10  1.4993222E-05 -0.5774546     -2.5446196E-08  3.2683602E-08
   2.748857       20.42984     -5.7451427E-07 -1.3135606E-05 -0.3994002    
  -3.239813      2.2597257E-09  4.1152816E-08 -2.7577365E-10  5.9285593E-10
  5.0010498E-05  -1.957346     -1.4596502E-08  6.5163476E-08   2.649622    
   20.80060      5.1361957E-07 -8.1147882E-06 -0.3833687      -3.278605    
  4.2238035E-09  4.2899046E-08 -2.7477498E-10  7.2641548E-10  2.7494463E-05
  -3.012551     -1.3879801E-08  1.8998981E-07   2.554649       21.11850    
 -5.0210184E-07 -3.5867561E-07 -0.3682609      -3.307600      5.7161237E-10
  1.5570549E-09 -2.7439906E-10  8.6614360E-10  3.8223759E-05  -2.477679    
 -1.2507838E-08 -4.4296030E-08   2.464994       21.37685      7.6199548E-08
 -3.4930417E-07 -0.3542433      -3.331049      2.8964561E-10 -3.7107384E-10
 -2.7624017E-10  1.0082783E-09  3.9190476E-05   2.374293     -2.3050282E-08
  1.1676457E-07   2.380477       21.58341      3.6049929E-07  9.5564174E-06
 -0.3411307      -3.347866      2.4119624E-09 -3.1577656E-08 -2.7865826E-10
  1.1614690E-09  4.1059375E-05  -1.132988      7.5553546E-09  7.6019205E-08
   2.300719       21.74806     -6.3100595E-07  8.1254984E-06 -0.3288123    
  -3.356618     -1.5497790E-09 -1.6196282E-08 -2.8045288E-10  1.3059726E-09
  0.4062209      -3.141007     -1.4738180E-06 -1.1511187E-10 -1.5198384E-06
 -1.8566962E-18   40.62263      2.3802365E-03 -6.9740054E-07 -4.4045713E-20
 -3.2305252E-07 -2.3984431E-11 -4.4539025E-15  8.4262966E-26   3.728565    
  -3.136301     -5.7891458E-07 -1.3499079E-09 -9.4834843E-07 -2.6773288E-15
   40.87526      6.5318182E-02  5.4523770E-07  1.6292306E-15  4.2397206E-09
  2.0974458E-10  1.8953028E-16  5.8161137E-25   10.48922      -3.127122    
 -1.8808192E-06 -1.7860142E-08  1.2624052E-06 -1.4241386E-13   41.29110    
  0.3011011      9.9274757E-07 -2.8645489E-14  6.9283615E-08  6.5262484E-10
  4.5701188E-15  4.4202464E-23   20.77260      -3.113811     -1.7442782E-06
 -4.7149996E-08  2.2141452E-07 -4.4630966E-14   41.67541      0.8171738    
 -3.4417758E-07  6.8334227E-14  5.0910501E-07  5.7484559E-09  1.8867373E-15
  2.5063573E-22   34.71519      -3.096882     -1.5608131E-06 -7.3106960E-08
  4.9499670E-07 -5.7402971E-12   42.10011       1.708563      4.3351466E-07
 -7.1631590E-13  4.8147291E-07  1.4666751E-08  1.2224929E-15  1.7521753E-21
   52.32456      -3.076769     -3.0258227E-06 -2.9515456E-07  9.3267192E-07
 -1.6243007E-11   42.44054       3.053247     -1.9301994E-07  8.5904617E-12
  4.6557574E-07  3.1010039E-08 -8.0001372E-16 -4.7645603E-21   73.60036    
  -3.053987     -1.5805397E-06 -2.8544787E-07 -5.0868965E-07 -2.0954616E-10
   42.68761       4.907938     -3.1983839E-07 -5.1700866E-11  7.5194515E-07
  1.0352670E-07  6.1867302E-16 -1.7723999E-20   98.44740      -3.029011    
 -5.0185977E-06 -9.2160553E-07  6.0337720E-07 -6.1200467E-10   42.80977    
   7.305402      2.0912745E-07 -3.0528469E-11  1.5129595E-07  3.4440973E-08
  1.4182180E-15  2.0714257E-20   126.7467      -3.002357     -1.3999743E-06
 -5.2225823E-07  1.1818388E-06 -6.3187144E-10   42.80734       10.25273    
 -4.0356090E-07  6.9540818E-11  3.5596244E-07  7.4073569E-08  2.6844700E-15
  1.8340910E-19   158.2815      -2.974485     -4.0780046E-06 -1.5756395E-06
 -5.4161001E-07  2.8127261E-09   42.66144       13.73163     -6.3771921E-07
  2.3447910E-10  3.2090011E-07  6.1129867E-08 -9.4948444E-16 -1.4418089E-19
   192.7209      -2.945741     -3.3398180E-06 -1.7204911E-06 -1.8372513E-06
 -3.4190180E-09   42.36061       17.70222      4.0935168E-07  1.9113600E-09
  5.5341538E-08  1.8562787E-09 -5.7594826E-16 -2.7510042E-19   229.7863    
  -2.916583     -4.8826837E-06 -3.5136036E-06 -2.5739255E-06 -6.5256245E-10
   41.91720       22.10298      1.6849890E-07 -5.4882321E-10  1.6200757E-07
 -3.9501174E-08 -2.4798315E-15 -1.0889138E-18   269.2024      -2.887455    
 -6.2317140E-06 -5.5909913E-06  3.1362396E-07  2.6799171E-08   41.35726    
   26.85647     -1.1032868E-07  3.8535291E-09  6.2531115E-07  1.6020203E-07
  2.1164465E-16 -2.1725336E-18   310.3876      -2.858425     -2.7836544E-05
 -3.1832606E-05  1.4233121E-06 -1.7148523E-08   40.65965       31.88316    
 -6.0847822E-07 -5.1272764E-10 -3.2337175E-06 -3.3247961E-06  9.4163266E-16
  3.8260478E-18   353.1252      -2.830003     -5.0791707E-05 -6.8266410E-05
 -2.9265112E-07  3.0358933E-08   39.86634       37.08675      3.0642505E-07
  7.9539859E-09 -5.7445804E-06 -7.2364346E-06 -1.9002418E-15  8.2162196E-19
   396.9199      -2.802278     -2.2575845E-05 -3.9786915E-05 -2.6477264E-06
  2.1958840E-08   38.98450       42.38136     -4.3210274E-08 -1.0137683E-08
 -1.3273959E-06 -2.9288349E-06  2.5312038E-15  9.7479728E-18   441.4243    
  -2.775485      4.4688019E-05  8.0545316E-05  2.8088252E-06  1.5348269E-07
   38.04080       47.68124      3.0982693E-07  1.5214027E-08  3.6485490E-06
  6.4849883E-06 -1.6323610E-15 -1.0558266E-17   486.1550      -2.749670    
  3.7905353E-05  7.9824124E-05 -1.7610375E-07  3.3831020E-07   37.03794    
   52.91270      2.8665028E-07 -3.4979166E-08  1.0539218E-09  2.2996974E-06
 -8.7160860E-16  3.7676025E-18   530.8597      -2.725092     -1.2251361E-05
 -3.7102029E-05 -3.0379169E-06  2.4153269E-07   36.00260       58.00165    
 -8.3100946E-07 -7.3669071E-09 -2.4838691E-06 -5.4715201E-06 -1.6526768E-15
 -1.2811373E-17   575.2726      -2.701939     -3.6384895E-06 -7.3562842E-06
  1.7410390E-06  2.9860530E-07   34.96671       62.87843      3.6830011E-07
 -4.0692612E-08 -4.9086981E-07 -6.1129685E-07  1.4269676E-16  1.1359559E-17
   618.7927      -2.679830     -5.7361763E-06 -1.8392224E-05  6.2300848E-07
  7.1291288E-07   33.91369       67.52724     -6.4190112E-07  6.4119376E-08
 -1.7993024E-09 -1.3210811E-06 -5.0908705E-15 -3.6253010E-19   661.2925    
  -2.659089     -6.8563727E-06 -3.5343692E-05 -1.2883577E-06 -1.2302189E-07
   32.87133       71.89555      2.2222308E-07  1.0507938E-07 -6.9267122E-07
 -3.3620745E-06  1.2590441E-15  4.6891744E-17   702.5419      -2.639914    
 -1.2008081E-06 -4.1499734E-06  3.1813218E-07  1.0740478E-06   31.85302    
   75.93993      3.4597514E-07 -1.5633850E-07 -4.3360237E-07 -1.3987301E-06
  4.8825262E-15  2.6749300E-17   742.1329      -2.622002      1.3608824E-05
  7.2957017E-05  2.2185654E-06 -3.3303513E-07   30.85308       79.66642    
  1.2745275E-07 -3.3126707E-07  1.8077346E-06  7.7183358E-06  3.6280924E-15
 -3.2214357E-17   779.9453      -2.605576      1.0771698E-05  5.6388788E-05
 -1.4360381E-06 -8.3190389E-07   29.89498       83.04228      2.5934216E-07
 -5.7138095E-08  1.5544064E-06  7.0047099E-06 -7.9077651E-16 -5.2638015E-17
   815.7163      -2.590669     -4.4839274E-07 -1.5492551E-05 -1.1986822E-06
  1.1447701E-06   28.98069       86.05820     -5.0674709E-07  4.7756475E-07
  6.5089267E-08 -1.7974526E-06 -1.4413876E-15  3.8218127E-17   849.1473    
  -2.577080     -5.3028934E-06 -4.1736290E-05 -7.4772015E-07 -2.2440217E-06
   28.10588       88.73406     -1.7100004E-07 -5.3027179E-08 -4.4538737E-07
 -4.4712797E-06  2.5147206E-16  5.9305859E-17   879.9952      -2.564668    
 -7.2130492E-06 -4.6722591E-05  2.0415373E-06 -2.6430353E-06   27.26940    
   91.08614     -7.8551136E-07 -2.2021413E-07 -7.5309168E-07 -3.6894344E-06
  1.4989236E-17 -9.7578196E-17   908.1407      -2.553641     -5.3707038E-07
 -3.3024698E-06  4.0506754E-07  4.0944433E-06   26.48187       93.10426    
  6.7137842E-07 -3.5559060E-07 -2.8988859E-07 -1.2335368E-06  5.0621209E-16
  8.0285171E-17   933.3555      -2.543948      6.2013328E-07  3.1590462E-06
 -6.6604161E-07  1.1804514E-07   25.74218       94.79430     -5.0381925E-07
  2.7722854E-07 -4.5822350E-07 -1.0859221E-06  1.9748283E-15 -2.2041830E-16
   955.4477      -2.535383      2.5031879E-06  2.1670014E-05 -2.5411666E-06
 -8.2957558E-07   25.04724       96.19250      3.8127891E-07  7.2584953E-07
 -1.1306670E-07  2.4009496E-06 -1.2073079E-15 -3.8489177E-18   974.2359    
  -2.527867      8.9688939E-07  9.4100833E-06  2.8129145E-06  2.0646257E-06
   24.39051       97.32979     -3.8545534E-07 -1.0544318E-06  1.4401748E-07
  1.3248064E-06  1.6531393E-15  5.5063918E-17   989.6293      -2.521604    
  2.0381749E-06  2.2545457E-05  2.3419577E-06  1.9629952E-06   23.78021    
   98.19759      1.6295611E-07 -6.4028427E-08  6.1451658E-07  5.6247227E-06
  5.1492331E-15 -2.6140114E-16   1001.451      -2.516564      8.5764822E-07
 -1.3809651E-05  2.1521369E-06  2.1286542E-06   23.21497       98.80437    
 -4.2380100E-07 -7.2197872E-07  7.0516523E-07  1.5669502E-06 -8.3053301E-16
 -3.8077180E-16   1009.565      -2.512765      3.7202727E-07  1.1462718E-05
 -1.3501023E-06  4.1385647E-06   22.69385       99.16050      6.9791861E-07
  1.6711419E-07  7.5100331E-07  3.2195821E-06 -1.0892134E-15  1.6479873E-16
   1013.896      -2.509958     -2.0259047E-07 -1.4353544E-05  1.3929393E-06
 -1.2095785E-05   22.20720       99.33041      1.0067837E-07  5.0611561E-08
  1.9739585E-07  7.6275319E-07 -1.0294995E-15  1.0148132E-16   1014.326    
  -2.508286     -1.0084370E-06 -1.4908612E-05 -2.2901083E-06  2.3035333E-05
   21.75562       99.30607     -5.6614067E-07 -1.6006525E-06  5.2038587E-08
 -2.1960586E-06  1.0709290E-15 -8.6042284E-16   1010.794      -2.507890    
 -4.9273791E-07  7.7486038E-07 -8.5221035E-07  1.0281568E-05   21.34257    
   99.09374     -2.5423702E-07 -9.4861025E-07  1.3277369E-08 -6.8452209E-07
 -4.0668799E-16  6.9822620E-16   1003.239      -2.508754      5.2400395E-07
 -5.7816505E-06 -1.8167107E-06 -8.6787622E-06   20.96633       98.70158    
 -2.2600365E-07 -6.2392792E-07 -8.8132289E-08 -2.4214387E-06 -7.4942235E-16
 -9.9443023E-16   991.5473      -2.510971      2.0168019E-07  1.3276935E-05
  9.9763417E-07 -1.2548175E-05   20.62252       98.13350      2.3338238E-07
  1.3339450E-06 -8.6834525E-08  1.0635704E-06  1.5026345E-15  5.4903998E-16
   975.8255      -2.514478     -2.4496407E-07 -8.6762011E-06  1.0492931E-06
  8.5455831E-06   20.30884       97.43172      1.3733697E-07  1.3028330E-06
 -5.7370769E-08 -1.0598451E-06 -1.2314503E-15 -4.9439619E-17   956.1528    
  -2.519260      4.4435058E-07 -9.1567636E-06  1.0697463E-06  6.2545296E-06
   20.02014       96.62885     -2.2470253E-07  1.4086254E-07  1.0264498E-07
  1.1427328E-06 -2.7842733E-15  5.0740662E-16   932.4666      -2.525594    
  1.5620185E-07 -4.5895576E-06 -1.4459519E-07 -1.6507693E-07   19.75819    
   95.69953      1.3244616E-07 -2.8217328E-06 -6.9423045E-08 -1.9269064E-06
  1.4062517E-15  3.9757694E-16   904.8803      -2.533629     -9.8349048E-08
 -1.5124679E-05  2.1519684E-06  9.7695738E-07   19.52262       94.66420    
  1.1355712E-07  2.6902417E-06  2.1323092E-07 -1.1269003E-06  2.5551759E-15
 -2.3505503E-16   873.4628      -2.543489     -2.0388036E-07  1.1403114E-05
  1.3541003E-06  6.9143716E-06   19.30971       93.51428     -4.8925330E-07
  1.8797291E-06  1.4296489E-07  2.3776665E-06  5.0325488E-16  8.8817842E-16
   838.3468      -2.555343      8.4704038E-07 -1.1537224E-05  6.7910143E-08
 -8.0489554E-07   19.11703       92.26189      2.5494801E-08  2.0683801E-06
 -2.1439443E-07 -3.3155084E-06  2.3492408E-15  4.6382169E-16   799.8495    
  -2.569425     -5.8493447E-07 -2.3096800E-07  8.8146652E-07 -1.8331921E-05
   18.94463       90.92985     -1.2677711E-07  2.3622415E-06  1.2650447E-07
 -9.9465251E-07  8.3025529E-16 -1.2923690E-16   758.4279      -2.586072    
 -6.2541619E-07  8.5681677E-07 -3.1455210E-07  1.2653181E-05   18.79184    
   89.54617     -2.3329362E-08  8.2474435E-07  1.3354635E-07  9.2200935E-07
 -6.9707693E-16  1.5005358E-16   714.1382      -2.605758      7.8019264E-07
  5.5879354E-08 -9.4508533E-07  3.2102689E-06   18.65440       88.08115    
 -2.7440529E-07 -6.9945236E-07  2.3839219E-07  1.6018748E-06 -1.0707951E-15
 -1.5499754E-15   667.3248      -2.629035     -1.8738210E-07 -2.7380884E-06
 -5.4670966E-07 -6.1478931E-06   18.53266       86.55254     -6.1758328E-08
  1.3230019E-06  1.3522803E-07  1.4668331E-06 -7.2164494E-17 -3.9226435E-15
  7.8027345E-09   3.134803     -1.3460522E-09  4.5782131E-18 -0.5297358    
  7.9434332E-13  8.6482032E-07 -5.1645799E-11  0.1527169     -3.9938203E-14
 -5.5479177E-10  7.0179327E-19  1.1210628E-10  9.1851646E-21  6.0568347E-08
   3.131194     -4.5769710E-10  1.3769368E-17 -0.5307208     -2.8076252E-09
  4.4256902E-07  5.3643134E-10  0.1524975      4.7578885E-10 -3.9145148E-10
 -8.6194073E-18  1.1190783E-10 -1.8340510E-20  2.3411729E-07 -2.0614114E-02
 -1.6887881E-09 -9.8705766E-16 -0.5307425     -1.1050432E-07 -1.8071477E-08
 -9.3314156E-10  0.1529533      2.1279112E-08 -2.6342209E-10  1.5178830E-17
  1.1211324E-10  1.3678162E-17  3.0021445E-07  -3.083685      1.9062586E-10
 -1.5321078E-14 -0.5335273     -1.1575713E-06  1.4525073E-06  6.0672392E-09
  0.1527653      2.1901586E-07  5.8733374E-10  2.5673907E-15  1.1328252E-10
  1.3553520E-16  1.0689256E-06 -5.3773681E-04 -2.3234015E-09 -1.0658141E-14
 -0.5339602     -6.6889352E-06 -5.5575765E-07  2.6266207E-09  0.1535078    
  1.2677348E-06 -1.1897417E-09 -1.9706459E-15  1.1313309E-10  8.1083812E-16
  6.3172041E-07   3.081065      5.2429699E-10 -2.0961011E-13 -0.5363430    
 -2.7111424E-05 -1.3516901E-06  8.7016815E-08  0.1538337      5.1295465E-06
  1.1927757E-09  3.2529535E-14  1.1393068E-10  3.5828935E-15  1.3178202E-06
  -3.018257     -8.3169957E-11 -5.8797411E-13 -0.5381483     -8.6592474E-05
  5.3459434E-07 -2.2992026E-08  0.1540351      1.6363345E-05 -5.1288140E-10
 -2.6068037E-13  1.1342989E-10  1.1689773E-14  2.4567844E-06  7.9477616E-02
 -4.9970716E-10 -2.2737368E-13 -0.5401030     -2.3350074E-04  5.4368138E-07
  1.1890370E-07  0.1545765      4.4044904E-05 -4.9009741E-10 -2.0339286E-13
  1.1317949E-10  3.0413602E-14  4.5609443E-08   2.170126      1.9246256E-09
  1.0942358E-12 -0.5445203     -5.5455999E-04  1.0195937E-06 -2.0103471E-07
  0.1551195      1.0440250E-04  3.2218400E-10  1.2789769E-13  1.1371128E-10
  7.0742715E-14  2.2426414E-06   3.024397     -2.9432028E-09 -1.2931878E-12
 -0.5467449     -1.1917470E-03  4.5756185E-08  1.0871736E-07  0.1558456    
  2.2383922E-04  6.3339545E-10 -7.2830630E-13  1.1308735E-10  1.4896869E-13
  4.4463477E-06 -0.2218240     -2.0313859E-09 -2.5011104E-12 -0.5524109    
 -2.3660250E-03  1.6806149E-06  2.5358167E-07  0.1563623      4.4335503E-04
  6.8627898E-10  2.1103119E-12  1.1357673E-10  2.9122085E-13  5.9544941E-06
  0.1611503      3.4837644E-09 -1.7053026E-11 -0.5565203     -4.3975003E-03
  6.5865706E-08 -7.6950528E-08  0.1573396      8.2154601E-04 -6.1091193E-10
 -7.2475359E-13  1.1393882E-10  5.3290646E-13  8.3648354E-07  0.1410311    
 -5.3492690E-09  1.8530955E-11 -0.5619969     -7.7328128E-03 -7.8929389E-07
  1.1074007E-07  0.1582377      1.4406940E-03  1.3546102E-10  3.0411229E-12
  1.1346022E-10  9.2017149E-13  1.9935808E-06  -3.132366     -2.5137994E-09
 -1.9326762E-11 -0.5701119     -1.2979275E-02 -2.4542368E-07  8.4401108E-10
  0.1593333      2.4107492E-03 -4.0028653E-10 -8.3559826E-12  1.1397526E-10
  1.5110546E-12  3.2969263E-06  -3.136402     -9.2422420E-10  9.0494723E-11
 -0.5759220     -2.0907549E-02  4.2565992E-07  1.9633444E-07  0.1606971    
  3.8686104E-03  1.3416158E-10  5.0590643E-12  1.1399760E-10  2.3767800E-12
  3.3359327E-06  -1.656610     -1.3758866E-09 -6.0026650E-11 -0.5835143    
 -3.2479897E-02  1.3312633E-08 -5.6979479E-07  0.1618105      5.9905741E-03
 -6.6935024E-10 -2.5465852E-11  1.1419996E-10  3.6067557E-12  3.1771169E-06
   2.989456      1.6941887E-09  4.2382453E-10 -0.5933503     -4.8873320E-02
 -6.5793904E-07 -7.4261334E-07  0.1633150      8.9835357E-03 -8.9512547E-10
  1.8189894E-11  1.1414829E-10  5.2834920E-12  1.3393095E-05   2.823767    
  3.0135578E-09 -3.6379788E-11 -0.6026503     -7.1490057E-02 -9.9924968E-08
 -2.6816269E-07  0.1649443      1.3083321E-02  4.4050641E-10  7.1395334E-11
  1.1502542E-10  7.4729892E-12  2.8706486E-06  -1.069780      9.8914865E-10
  5.5297278E-10 -0.6114181     -0.1018521      5.4644619E-08  6.2637264E-07
  0.1664706      1.8557275E-02 -4.2837147E-11 -5.0022209E-11  1.1442748E-10
  1.0339692E-11  6.6426314E-06  -1.053215      2.5122791E-09 -5.2750693E-11
 -0.6207284     -0.1414701     -3.3629073E-07 -6.1950414E-07  0.1681341    
  2.5679721E-02 -8.5713053E-10 -2.4556357E-11  1.1440872E-10  1.3916739E-11
  1.1224010E-05 -0.7685729     -4.1398014E-09 -3.6379788E-10 -0.6317093    
 -0.1921371      8.5860464E-08 -3.7660357E-07  0.1696008      3.4746483E-02
 -4.1819723E-10  1.4915713E-10  1.1443359E-10  1.8212598E-11  2.0563202E-05
  -2.983436      3.8801917E-09 -9.2768460E-10 -0.6419469     -0.2556081    
  8.1812402E-08 -1.3178797E-06  0.1711495      4.6008412E-02 -9.7172337E-10
  1.7826096E-10  1.1417131E-10  2.3129455E-11  9.1806678E-06 -0.8600684    
 -3.6500671E-09  6.1481842E-10 -0.6497170     -0.3335817      8.1203109E-07
  1.2227101E-06  0.1726725      5.9676301E-02 -1.6329248E-10 -5.1568350E-10
  1.1397555E-10  2.8727484E-11  9.3061290E-06   2.342324     -1.5450304E-09
  4.4383341E-10 -0.6567239     -0.4269420      4.7689940E-07  1.9150320E-06
  0.1736648      7.5974084E-02  5.4873101E-10  1.6916601E-10  1.1298835E-10
  3.5078097E-11  1.0201151E-05  -2.196156      3.3049954E-09  4.7803042E-09
 -0.6622974     -0.5360955      7.5415059E-08  7.2724652E-07  0.1743429    
  9.4954230E-02  8.5565272E-10  2.8740033E-10  1.1211019E-10  4.1786234E-11
  2.6533708E-06 -0.4254946      4.5313882E-09  6.6211214E-10 -0.6659898    
 -0.6613837     -8.4661252E-07 -4.2192405E-06  0.1747936      0.1165345    
 -1.0000695E-09 -1.4733814E-10  1.1112126E-10  4.8481795E-11  1.7476657E-05
  0.3627874     -9.4601316E-10  3.0122465E-09 -0.6674190     -0.8021693    
 -3.1359793E-08  1.4848774E-06  0.1748462      0.1405453     -6.7960720E-11
 -3.2196112E-10  1.0968773E-10  5.5246970E-11  1.1990900E-05   2.165175    
 -8.0682405E-10  3.0995579E-09 -0.6668654     -0.9567065     -1.7850721E-07
 -1.2392411E-06  0.1743165      0.1667676     -2.6195587E-11  7.3305273E-10
  1.0827046E-10  6.1447132E-11  3.8714543E-06   3.120301     -4.4081832E-09
 -3.9290171E-09 -0.6634980      -1.122836      3.3566897E-07  9.1618858E-07
  0.1734142      0.1947010      4.7519405E-10 -1.1168595E-09  1.0622675E-10
  6.6557204E-11  2.4978870E-05  -2.048892     -1.6409778E-09 -5.4424163E-09
 -0.6571960      -1.297749     -3.6140582E-07  2.0920997E-06  0.1721320    
  0.2237537      7.3257934E-11 -1.9936124E-09  1.0406231E-10  7.0908834E-11
  1.0054606E-05   1.989660     -6.8210362E-09  5.7625584E-09 -0.6480198    
  -1.478165      1.7311450E-07 -4.5016641E-06  0.1703695      0.2534347    
 -6.6131933E-11  2.8740033E-10  1.0205706E-10  7.3161366E-11  7.4121822E-06
   2.793337      4.9396243E-10  6.7229848E-09 -0.6367503      -1.661267    
  3.8035105E-07  1.2731180E-06  0.1680452      0.2832470     -3.6589808E-11
  6.2573235E-10  1.0016434E-10  7.3757216E-11  7.7783661E-06  -2.706837    
 -2.9434946E-09 -4.3073669E-09 -0.6229704      -1.842820      6.0320360E-07
 -3.3109682E-06  0.1654107      0.3124829      7.5360558E-11  7.7488949E-10
  9.7734008E-11  7.2582981E-11  2.1283413E-05  -1.105001     -4.8081010E-09
 -1.4522811E-08 -0.6070160      -2.019712     -6.0250062E-07 -1.9957079E-06
  0.1625163      0.3405950     -4.8597087E-10 -4.8385118E-10  9.5444291E-11
  6.8424606E-11  1.6514161E-05  -3.117975     -3.4910965E-09  8.6147338E-09
 -0.5892259      -2.189489     -2.7284005E-07  1.1554221E-06  0.1594507    
  0.3670288     -1.4198239E-09  1.6734703E-09  9.3451177E-11  6.2673054E-11
  1.2853248E-05  0.1848316     -3.6037728E-09 -1.2223609E-09 -0.5705150    
  -2.350165      8.1263451E-08 -2.2805762E-07  0.1561052      0.3917207    
  2.3538155E-10 -4.8021320E-10  9.1656342E-11  5.4998388E-11  5.6563804E-06
  -2.369649      2.0524928E-10  2.7939677E-09 -0.5512218      -2.500109    
 -6.3734637E-07  8.5693318E-07  0.1525948      0.4143484      7.4994927E-10
  5.5661076E-09  8.9879618E-11  4.4323229E-11  4.2219258E-06  -2.211280    
 -6.6079497E-10 -1.9936124E-08 -0.5312327      -2.637119     -2.9941694E-07
 -1.9764993E-06  0.1490979      0.4346607     -7.3378975E-10  2.8303475E-09
  8.8137220E-11  3.2673753E-11  7.0411938E-06 -0.4589672     -3.5923489E-10
 -1.9208528E-09 -0.5108918      -2.761064      1.1570357E-07 -7.9569872E-07
  0.1456521      0.4525542     -9.7292785E-11  8.5128704E-10  8.6673647E-11
  1.7140058E-11  6.1082937E-06  -3.034278     -6.1274363E-10 -2.3865141E-09
 -0.4906449      -2.871249      3.5752132E-07  2.1693995E-06  0.1423225    
  0.4679156     -6.3462735E-10  1.9863364E-09  8.5599645E-11  2.0640143E-12
  2.7429619E-06  0.6833047      2.1627868E-09  1.1321390E-08 -0.4707934    
  -2.968402     -6.8241619E-08 -3.1398376E-06  0.1390766      0.4810016    
 -5.4069671E-10 -4.2928150E-10  8.4694939E-11 -1.5206026E-11  7.7151089E-06
  0.7714204     -9.4424502E-10 -4.0163286E-09 -0.4518594      -3.054146    
  9.0897466E-08 -2.2531021E-06  0.1358258      0.4920717     -2.5689018E-10
 -2.6484486E-09  8.4113036E-11 -3.3940638E-11  2.3457958E-05  0.2751994    
 -9.5253305E-10  1.5250407E-08 -0.4336085      -3.127709     -5.9850258E-08
 -1.5866244E-06  0.1327297      0.5009757     -2.0338783E-10 -3.0995579E-09
  8.3735865E-11 -5.2591671E-11  8.3156692E-06   1.951532     -4.5703694E-10
 -2.2409949E-09 -0.4159341      -3.188456      6.3004859E-07  3.8335565E-06
  0.1298499      0.5080029      6.1600630E-10  2.9831426E-10  8.3207594E-11
 -7.3694474E-11  1.2364555E-05  6.5350652E-02  1.4471310E-09 -1.4959369E-08
 -0.3990701      -3.238129     -1.5902253E-07  8.3039049E-07  0.1271681    
  0.5131519      1.1007260E-10  1.5716068E-09  8.3022575E-11 -9.4871604E-11
  4.6419746E-06  -1.799497      4.7494042E-10 -1.0390067E-08 -0.3830502    
  -3.277310      2.0096945E-07 -2.5866320E-06  0.1246947      0.5165455    
 -2.5646782E-10  2.6120688E-09  8.3042462E-11 -1.1550043E-10  4.6722853E-06
  0.8277654      9.4803998E-10 -3.7194695E-08 -0.3679027      -3.307096    
  3.7919122E-07 -1.4458783E-06  0.1224082      0.5185092      7.4356077E-11
 -3.4924597E-09  8.3126957E-11 -1.3757845E-10  4.7147282E-06 -0.3973439    
 -6.0355476E-10  3.8126018E-09 -0.3539504      -3.331318      5.7290993E-07
 -1.5050173E-06  0.1201664      0.5192671      1.6377867E-10 -1.4188117E-09
  8.3646021E-11 -1.5854355E-10  1.8878998E-05   2.885487     -4.1585562E-09
  2.9103830E-10 -0.3409526      -3.349158     -4.3248982E-09 -8.9046080E-07
  0.1180609      0.5186882     -3.3862527E-10  9.0949470E-10  8.4381065E-11
 -1.7972872E-10  9.7009242E-06   2.379074      3.8678989E-09 -3.4109689E-08
 -0.3287024      -3.357851      1.3923272E-08  1.7773709E-06  0.1161534    
  0.5172077      2.2992026E-10  1.3678800E-09  8.4837234E-11 -2.0142746E-10
  5.2951491E-03  -1.570796      0.5297366     -8.6284604E-13  2.8467184E-09
 -5.5057142E-21  1.1641532E-08  6.8780537E-12  4.7293724E-10  0.0000000E+00
  0.1527172     -8.7411781E-14  5.7896396E-16 -3.6729364E-27  4.8232056E-02
  -1.570796      0.5307223      2.8158333E-09  0.0000000E+00 -5.9631119E-18
  1.7883913E-07 -1.4551915E-11 -1.1382204E-09  3.3881318E-19  0.1524975    
  4.7006621E-10 -3.7582992E-16  1.1309110E-25  0.1334225      -1.570796    
  0.5307443      1.1034075E-07 -6.8561912E-10 -4.1633363E-16 -2.0323194E-08
  8.8766683E-10  1.6238348E-10 -9.6277153E-17  0.1529532      2.1250575E-08
  9.5970771E-16 -1.0081264E-24  0.2604784      -1.570794      0.5335287    
  1.1581880E-06 -2.2823583E-09 -3.9551695E-15 -1.0551399E-08 -1.6880222E-09
  4.7656468E-10  4.0939474E-16  0.1527655      2.1877064E-07 -2.0322961E-15
 -4.4977946E-24  0.4251693      -1.570783      0.5339608      6.6898651E-06
 -3.2046918E-10 -1.1546319E-14  1.4459569E-07 -5.8789738E-09  4.3263337E-10
  5.1902926E-15  0.1535079      1.2676576E-06 -5.6397037E-16  2.2230479E-24
  0.6269892      -1.570751      0.5363440      2.7109716E-05 -1.7695023E-10
  9.5923269E-14  4.3369846E-07 -7.3923729E-09  7.5367691E-11 -1.0991208E-14
  0.1538339      5.1297420E-06  1.3789299E-15 -6.1211365E-23  0.8600666    
  -1.570672      0.5381513      8.6593958E-05 -1.9960790E-10 -2.2204460E-13
  1.8736529E-07 -8.8475645E-09 -8.7328456E-10  1.1546319E-13  0.1540353    
  1.6363065E-05 -1.6735898E-15 -2.7917346E-24   1.119990      -1.570504    
  0.5401045      2.3350293E-04 -2.1333653E-09 -2.9487524E-13  3.7024458E-07
 -2.4680048E-08  4.2282913E-10  1.0125234E-13  0.1545768      4.4045133E-05
  7.1540964E-16  4.6446191E-22   1.407587      -1.570184      0.5445220    
  5.5456383E-04 -5.2397291E-09 -1.6910917E-12  1.2480390E-07  2.8172508E-08
 -1.3735213E-09 -7.8159701E-14  0.1551197      1.0440366E-04 -1.3877174E-15
  5.4097612E-22   1.704337      -1.569610      0.5467470      1.1917513E-03
 -1.9267359E-09 -2.9416469E-12  1.2428204E-07 -6.5192580E-09  1.7560604E-09
 -2.5934810E-13  0.1558460      2.2383823E-04 -7.2296459E-16  1.0587912E-21
   2.022108      -1.568667      0.5524127      2.3660390E-03 -4.3235576E-10
  1.8758328E-12  1.4054994E-08 -7.2643161E-08 -1.8529533E-10  7.1054274E-15
  0.1563627      4.4335713E-04 -6.6716735E-16  4.0498763E-21   2.333564    
  -1.567165      0.5565225      4.3975231E-03  4.1354037E-10 -6.0822458E-12
 -2.9995462E-07 -1.2712553E-07  4.1040749E-10  2.8279601E-12  0.1573401    
  8.2154828E-04 -2.6292189E-16  2.3690453E-21   2.643277      -1.564894    
  0.5619999      7.7328454E-03  2.4325342E-09 -2.3419489E-11  7.3783021E-08
  1.3597310E-07 -6.4271932E-10 -1.5347723E-12  0.1582385      1.4407015E-03
 -8.7131627E-16 -1.5471586E-20   2.950922      -1.561608      0.5701162    
  1.2979357E-02 -1.9267126E-09 -2.1373125E-11 -8.9356763E-07  5.2154064E-08
  7.4453294E-10 -1.0288659E-11  0.1593343      2.4107599E-03  1.8266401E-15
 -7.1203707E-20   3.212814      -1.556872      0.5759281      2.0907670E-02
  5.4658422E-10  3.7289283E-11 -1.6396731E-06  1.6577542E-07 -1.1180131E-09
  4.3200998E-12  0.1606981      3.8686309E-03  1.5833374E-15 -5.5480658E-20
   3.447465      -1.550385      0.5835208      3.2480184E-02  4.2578110E-09
  3.5470293E-11  2.9748898E-07  2.5518239E-07 -1.2271421E-09 -1.7735147E-11
  0.1618118      5.9906221E-03  1.3187971E-15 -7.0356674E-20   3.643978    
  -1.541690      0.5933555      4.8873771E-02 -8.8202606E-10  2.8194336E-11
  2.6771675E-06  3.4924597E-07  7.4229917E-10 -3.8539838E-11  0.1633163    
  8.9836093E-03 -2.5859596E-15  2.2944005E-19   3.764643      -1.529961    
  0.6026530      7.1490437E-02  9.0571411E-10 -2.0099833E-10  8.1362771E-07
  4.6752393E-07 -1.0950907E-09  9.3223207E-11  0.1649451      1.3083397E-02
 -6.0217557E-16  1.7279472E-19   3.795202      -1.514319      0.6114201    
  0.1018523     -2.8584060E-09 -3.0195224E-10 -1.1614319E-06 -3.3155084E-07
 -8.8789720E-10  2.0918378E-11  0.1664713      1.8557355E-02 -5.3108489E-16
  3.4954667E-19   3.724111      -1.493683      0.6207294      0.1414700    
  2.9704006E-09 -6.9121597E-11 -3.6697008E-07  2.4028122E-07  5.9481903E-10
  7.2759576E-12  0.1681346      2.5679767E-02  2.3342370E-16  4.8174999E-19
   3.555668      -1.466651      0.6317122      0.1921373     -2.4670124E-09
  7.2395778E-10  2.4290582E-08  1.1920929E-07 -7.0285249E-12  1.8098945E-10
  0.1696011      3.4746602E-02 -2.4164039E-15  1.3891340E-19   3.235954    
  -1.428860      0.6419478      0.2556084     -3.7729673E-09  7.4214768E-10
 -2.2131167E-07  2.0489097E-07 -5.1601862E-10  1.2732926E-11  0.1711498    
  4.6008453E-02  2.0511394E-15 -2.7511630E-18   2.723574      -1.369922    
  0.6497172      0.3335816     -7.1208328E-09  7.0940587E-10  7.6228773E-08
  9.3132257E-09  4.8027200E-11  2.7284841E-11  0.1726728      5.9676405E-02
  6.4886604E-16  3.6075133E-18   2.047528      -1.267046      0.6567265    
  0.4269435      2.0048609E-09 -2.9322109E-09  1.4832292E-06  7.5064600E-07
 -3.0348812E-10 -3.8562575E-10  0.1736653      7.5974196E-02 -1.0331000E-15
  7.6910592E-19   1.211502      -1.007598      0.6623011      0.5360980    
 -2.9521490E-09 -5.3478288E-09  8.9049047E-07  2.6635826E-07 -2.6463487E-10
  1.8553692E-10  0.1743436      9.4954528E-02 -8.3599378E-16 -3.1950083E-18
  0.6430503      0.2293447      0.6659943      0.6613865      4.0228785E-09
  2.3646862E-09 -1.7791066E-07 -6.8731606E-07  1.5537803E-10 -5.4933480E-10
  0.1747938      0.1165350     -9.8506046E-16  1.0130514E-17   1.652124    
   1.247329      0.6674215      0.8021724      4.6322026E-09  5.1368261E-09
 -4.7809550E-07 -1.5087426E-06  9.8950803E-10  1.6334525E-09  0.1748466    
  0.1405456     -6.6627140E-16  9.4867690E-18   3.239475       1.473759    
  0.6668676      0.9567109      1.3621705E-09 -5.0204108E-09 -6.4914758E-07
 -1.2274832E-06  1.5717353E-11  1.2914825E-10  0.1743171      0.1667677    
  1.1741567E-16  9.7578196E-19   5.143987       1.577649      0.6635000    
   1.122840     -2.3759703E-09 -2.7648639E-10 -3.4294854E-07 -1.5646219E-07
  2.7803906E-10  4.0745363E-10  0.1734144      0.1947015      3.2542206E-16
  1.2712270E-17   7.340425       1.645563      0.6571991       1.297756    
  3.0572977E-09 -6.5483619E-10  8.7518810E-09  3.2782555E-07  3.6140582E-10
 -2.6739144E-09  0.1721324      0.2237541     -1.0392301E-15  1.4094628E-17
   9.805935       1.698624      0.6480213       1.478167     -8.5026770E-11
 -1.3678800E-09  2.6422541E-07  1.3597310E-06 -2.3618546E-10 -1.1859811E-09
  0.1703699      0.2534353      1.7715441E-15 -3.0710027E-17   12.50289    
   1.744378      0.6367517       1.661269     -3.4668843E-09  1.1641532E-09
  1.4167574E-07  6.7800283E-07 -5.6256827E-10 -4.4383341E-10  0.1680452    
  0.2832470     -9.1108039E-16  1.7569157E-17   15.44028       1.785334    
  0.6229705       1.842821     -5.5855470E-10 -1.2631062E-08  4.6301525E-07
  1.7173588E-06 -1.8175193E-10 -8.2218321E-10  0.1654105      0.3124827    
  6.8170264E-17 -2.3066401E-17   18.59276       1.822772      0.6070154    
   2.019710     -2.9760339E-09 -8.6147338E-09  4.0680490E-07  1.8440187E-07
  1.2170774E-09 -6.4392225E-10  0.1625162      0.3405953      5.9418996E-16
  9.2753496E-17   21.93368       1.857217      0.5892245       2.189488    
  2.8396479E-09  8.2945917E-09  4.1746165E-07  9.9465251E-07  3.0066860E-10
 -2.4010660E-10  0.1594503      0.3670280     -3.9775206E-16  2.6020852E-18
   25.40185       1.889701      0.5705141       2.350163      2.3862821E-09
 -1.8335413E-09  6.7010696E-08  4.8615038E-07  8.9282659E-10  3.8562575E-10
  0.1561051      0.3917201     -1.1102921E-15  3.1154549E-16   28.96850    
   1.920207      0.5512214       2.500107     -1.1525536E-09  3.4342520E-09
 -1.2580202E-07 -8.2887709E-07  4.5786377E-10  3.1432137E-09  0.1525945    
  0.4143473     -3.0066941E-16 -5.7300085E-16   32.61557       1.948503    
  0.5312328       2.637113     -4.4257895E-09 -5.2386895E-10  6.9337368E-08
 -4.5262277E-07  7.9910090E-10  2.1755113E-09  0.1490978      0.4346601    
  9.3245124E-16 -9.1398243E-17   36.30013       1.974678      0.5108916    
   2.761063      1.2049337E-09 -6.3446350E-09 -1.2932456E-07 -9.4063580E-07
 -2.5445804E-10  1.2369128E-10  0.1456520      0.4525538     -1.1045059E-15
 -2.5077596E-16   39.98541       1.998655      0.4906447       2.871247    
 -5.6168165E-10  1.0506483E-08  2.8011138E-08  7.8417361E-07  2.4436800E-10
  8.0763130E-10  0.1423223      0.4679160      9.7392980E-17 -1.4701781E-16
   43.62019       2.020781      0.4707932       2.968404      5.6204003E-10
 -1.9470463E-08  1.2931189E-07 -7.0780516E-08 -8.8930384E-11  3.2741809E-10
  0.1390765      0.4810013     -1.0643733E-16  6.4108874E-16   47.14784    
   2.041453      0.4518595       3.054147     -3.5617476E-09 -5.3260010E-09
 -1.3330518E-07  2.3655593E-07  4.9295146E-10 -1.2223609E-09  0.1358257    
  0.4920707     -6.1578459E-16 -9.2428235E-18   50.54978       2.060217    
  0.4336084       3.127709      1.0406678E-09  1.5075784E-08 -1.0066342E-07
 -1.1399388E-06 -6.4067168E-10 -2.4592737E-09  0.1327299      0.5009762    
  1.2850231E-16  6.0010590E-16   53.79338       2.077064      0.4159338    
   3.188457      1.2585075E-09  4.8894435E-09  1.0852309E-07 -2.2724271E-07
  7.9484683E-11 -5.8207661E-10  0.1298499      0.5080025      2.4244957E-15
 -2.7495367E-16   56.83432       2.092027      0.3990705       3.238131    
  2.9266363E-09  1.4784746E-08 -1.0028262E-07  9.2945993E-07  8.1259482E-10
 -3.3469405E-10  0.1271680      0.5131531      2.3426054E-16  2.0871976E-15
   59.63470       2.105087      0.3830503       3.277314      2.4063648E-10
 -2.5029294E-08 -8.2677630E-08 -1.6484410E-06 -4.4011145E-10  2.0008883E-09
  0.1246946      0.5165458      3.6348312E-16  1.9666885E-15   62.15496    
   2.116439      0.3679030       3.307095     -6.7849920E-10 -1.5337719E-08
 -9.3589520E-08 -2.2351742E-07  5.4527793E-10 -4.1472958E-10  0.1224082    
  0.5185093      1.4237696E-15 -3.5149834E-16   64.34351       2.126597    
  0.3539506       3.331319     -6.8544409E-10  9.1968104E-09 -3.6492317E-08
 -3.7252903E-09  5.6715949E-10 -1.7971615E-09  0.1201664      0.5192676    
 -1.0738167E-15 -3.7706383E-15   66.17883       2.135170      0.3409526    
   3.349157      1.0812246E-09  1.1292286E-08 -4.1062769E-08  5.2154064E-07
 -4.5447077E-10  7.2759576E-10  0.1180610      0.5186887     -1.7966979E-15
 -2.9412237E-15   67.63937       2.141941      0.3287024       3.357851    
  2.1362212E-09 -7.7998266E-09  5.4389240E-08 -6.5565109E-07  2.1536835E-10
  2.4010660E-10  0.1161534      0.5172078      1.0547119E-16 -1.2126801E-15
  1.5266321E-16  -3.131650     -1.2663481E-15  3.1907846E-26 -4.1855938E-10
 -7.9532847E-20  1.3183898E-15  5.5565361E-19  1.0332255E-10  7.6073507E-21
  2.3028454E-15 -1.8730713E-26  1.3857489E-13  1.6413338E-25  5.7895343E-16
   1.825222     -6.8460633E-15 -1.0339758E-24 -4.1960158E-10 -3.3025951E-18
  2.5638278E-14  4.4452289E-17  1.0297395E-10  1.4800664E-19  7.8683781E-16
 -4.9372343E-24  1.3889532E-13  1.7304506E-24  1.1591069E-15   2.850136    
  1.6518501E-15  6.2865727E-22 -4.1846365E-10 -7.6705292E-17 -6.8276471E-15
 -4.0766002E-17  1.0334023E-10  1.3189010E-17 -1.8445661E-15  2.8206859E-22
  1.3849697E-13 -3.4747587E-23  1.3737419E-14   2.930923      1.8592222E-14
 -1.0058516E-20 -4.2899451E-10 -7.1064746E-16  1.8395687E-14 -5.1000870E-16
  1.0368949E-10  1.3961514E-16 -1.7098556E-15  5.9424655E-21  1.3804582E-13
  1.0930501E-22  6.4586457E-15 -7.7431090E-02 -1.0360627E-14  6.1833405E-20
 -4.2938797E-10 -4.0818420E-15 -8.5574500E-16  6.2450045E-17  1.0367938E-10
  7.7482937E-16 -8.4810444E-16  8.4703295E-22  1.3806420E-13 -8.1061650E-22
  1.1253885E-14   1.719320     -9.2501588E-15 -8.4703295E-21 -4.3160581E-10
 -1.6658885E-14 -1.7300297E-14  4.1633363E-16  1.0422842E-10  3.1568137E-15
 -1.7125294E-15 -2.3716923E-20  1.3838225E-13 -1.0521098E-21  2.0052053E-14
  0.3445137     -9.2219298E-15  6.5729757E-19 -4.2451062E-10 -5.3036971E-14
  1.9205303E-14 -9.0205621E-16  1.0406086E-10  9.9642762E-15  4.6532671E-16
  1.8295912E-19  1.3894672E-13  9.0153044E-22  4.4110132E-14  0.2168944    
 -1.6294613E-14  3.3610267E-18 -4.2161064E-10 -1.4102264E-13 -1.0337641E-14
 -2.7755576E-16  1.0401163E-10  2.6491814E-14 -1.3792685E-15  2.7952087E-19
  1.3947034E-13  8.5611356E-22  8.3414627E-15   1.101196     -8.8781564E-15
 -1.1600963E-17 -4.2801246E-10 -3.3106561E-13  7.7623227E-16 -3.3306691E-16
  1.0408595E-10  6.2369875E-14 -1.0511479E-15 -1.5822575E-18  1.3896059E-13
 -5.4263841E-22  3.7536048E-14   1.594461      6.0477636E-15 -1.8485647E-17
 -4.2088144E-10 -6.9973161E-13 -5.6715869E-15  5.3845817E-15  1.0394190E-10
  1.3144946E-13 -2.8936667E-17 -1.0977547E-18  1.3973826E-13 -1.0768141E-21
  8.8727033E-14  -2.375661      8.5868651E-15 -8.5651972E-18 -4.2621623E-10
 -1.3717783E-12  7.3302507E-16 -6.3282712E-15  1.0397419E-10  2.5720962E-13
 -1.4006015E-15 -3.5236571E-18  1.3929393E-13 -6.6490042E-21  6.1253730E-14
 -0.1675325      2.2157145E-14  2.7972416E-17 -4.2901116E-10 -2.5147701E-12
 -1.2620251E-14  2.4424907E-15  1.0420161E-10  4.6993301E-13 -1.8942327E-15
 -1.4745150E-17  1.3906399E-13  1.9459420E-21  1.6787512E-14   2.224879    
 -9.6971728E-15 -6.6786854E-17 -4.2168358E-10 -4.3238759E-12  1.4864602E-14
 -8.7707619E-15  1.0404859E-10  8.0546339E-13  7.7511419E-16  2.9273459E-18
  1.3988367E-13 -3.5626507E-20  1.9560100E-14   1.525373      1.1197794E-14
  1.2576745E-17 -4.2655310E-10 -7.1220443E-12 -1.7183524E-14 -1.3933299E-14
  1.0413478E-10  1.3235001E-12  6.6168784E-16  4.2500725E-17  1.3978898E-13
  5.5975054E-21  1.2612837E-13   3.131030     -1.1638389E-14  2.7755576E-16
 -4.2851356E-10 -1.1244766E-11  1.8955030E-15 -1.0214052E-14  1.0415573E-10
  2.0787107E-12 -1.4453210E-15 -3.6646033E-17  1.3953702E-13  1.2597958E-19
  1.3328374E-13  -2.660063      2.8370760E-16  2.7061686E-16 -4.2182766E-10
 -1.6992793E-11  1.1915720E-14  9.7699626E-15  1.0446318E-10  3.1308406E-12
 -8.4225695E-16 -2.8189256E-17  1.3996593E-13 -3.4533097E-19  8.0399771E-14
   1.548700      4.5972616E-15  3.2786274E-16 -4.2499521E-10 -2.4886924E-11
  1.0860197E-14 -1.0436096E-14  1.0413476E-10  4.5775931E-12  1.8072568E-15
 -1.6913554E-16  1.4008303E-13 -1.9490309E-19  1.9020294E-13  3.7365779E-02
 -5.0254909E-15 -1.2143064E-16 -4.3184833E-10 -3.5393268E-11 -3.8947557E-15
 -1.9872992E-14  1.0452868E-10  6.4914120E-12  1.6332846E-15  2.6281061E-16
  1.3963776E-13  4.6689543E-19  1.4988915E-13  0.5485494     -1.1141642E-14
  4.6143644E-16 -4.2508230E-10 -4.8890648E-11 -3.7435917E-15  6.6613381E-15
  1.0419120E-10  8.8853785E-12 -8.1705374E-17  2.7061686E-16  1.3974477E-13
  1.8208851E-18  6.5761199E-14  -1.858372     -6.0602078E-15  7.5633944E-16
 -4.2100182E-10 -6.5573810E-11 -1.0372821E-14 -3.4305891E-14  1.0417887E-10
  1.1858657E-11 -1.4798181E-15 -2.6888214E-17  1.4000942E-13 -4.1301492E-18
  2.9297639E-13 -0.6629044      2.8420397E-15 -2.0816682E-17 -4.2058637E-10
 -8.5418318E-11  3.9681308E-15 -1.0214052E-14  1.0388777E-10  1.5462139E-11
 -8.1775668E-16  1.2490009E-16  1.4000670E-13 -2.4198834E-18  2.0535177E-13
   2.221218      5.8542356E-15 -6.3837824E-16 -4.2195347E-10 -1.0847274E-10
 -8.2828489E-15  3.2640557E-14  1.0333343E-10  1.9643712E-11  2.4286131E-15
  3.0878078E-16  1.3998899E-13  1.6300779E-18  2.9444689E-13  -2.415952    
 -2.1007993E-15 -7.4940054E-15 -4.2293108E-10 -1.3504477E-10  8.5009082E-15
 -5.1514348E-14  1.0291091E-10  2.4347102E-11 -1.8748411E-15  5.4643789E-16
  1.3972132E-13  8.9091000E-18  2.8796711E-13  -1.607816      5.8470467E-16
 -8.3266727E-17 -4.1257089E-10 -1.6536056E-10 -2.0581605E-15 -3.1308289E-14
  1.0224954E-10  2.9261933E-11 -7.4257494E-16 -3.0531133E-16  1.3971560E-13
  2.0105626E-17  1.1430963E-13  0.7963867     -5.8326778E-15  4.8017146E-15
 -4.0558559E-10 -1.9598016E-10 -3.5893402E-15  6.4392935E-15  1.0133375E-10
  3.4517871E-11  1.9853537E-15  9.8532293E-16  1.4019683E-13 -3.4952322E-17
  4.0749197E-13  5.8883816E-02  4.3322453E-15  8.7152507E-15 -4.0096010E-10
 -2.2513320E-10  3.8796227E-15 -4.9293902E-14  1.0017992E-10  3.9842313E-11
 -5.7116670E-16  1.2732870E-15  1.4013289E-13 -2.2556201E-17  5.1206625E-13
  -2.580052      8.0471061E-15  1.5681900E-14 -3.9242021E-10 -2.5496177E-10
 -2.9035951E-15  7.6161299E-14  9.8816684E-11  4.4847681E-11  1.5866074E-15
  2.3592239E-15  1.4009087E-13 -8.7533923E-18  5.2410051E-13  0.6604486    
 -1.3030641E-14  2.1260771E-14 -3.8131406E-10 -2.8280100E-10  5.5959809E-16
 -3.9968029E-15  9.7429828E-11  4.8926738E-11  8.4938995E-17  6.4531713E-16
  1.3990216E-13  5.8075464E-17  2.8271431E-13  -1.177455      1.5504554E-14
  1.3100632E-14 -3.7071218E-10 -3.0143962E-10 -4.7053620E-15  3.5083048E-14
  9.5504646E-11  5.2203766E-11  1.2534776E-15  2.5326963E-15  1.4005074E-13
  6.4700541E-18  4.1089267E-13   2.557787     -8.8494665E-15 -2.6090241E-15
 -3.5923822E-10 -3.1441089E-10 -3.8751351E-15 -2.1982416E-14  9.3527762E-11
  5.4385229E-11  2.8877208E-15 -2.4424907E-15  1.4003937E-13  4.5736894E-17
  2.9708207E-13   2.160457     -2.9191625E-15 -2.0927704E-14 -3.4720982E-10
 -3.2050962E-10 -7.9285892E-15  8.3488771E-14  9.1667063E-11  5.4520815E-11
  1.7659130E-15  2.2828961E-15  1.4007682E-13 -3.3644592E-19  2.5152862E-13
   1.378941     -1.2213166E-14  8.7152507E-15 -3.3463241E-10 -3.1033476E-10
  5.4435826E-15 -4.3964832E-14  8.9780683E-11  5.2942522E-11  1.5440931E-15
 -7.7715612E-16  1.4012196E-13 -1.0581317E-16  1.3721207E-12   1.521581    
  3.0438815E-16 -1.6653345E-14 -3.2173503E-10 -2.9193944E-10  1.6639886E-14
 -3.3528735E-14  8.7639888E-11  4.9629814E-11  1.5557617E-15  4.7462034E-15
  1.4037156E-13  3.2171933E-17  1.7090916E-13 -0.9106647     -1.0860501E-14
  2.5313085E-14 -3.1011654E-10 -2.6251717E-10  5.9060124E-16 -3.7303494E-14
  8.5580001E-11  4.3755340E-11  3.9373416E-16 -5.6066263E-15  1.4034508E-13
  1.9025779E-16  3.7158381E-13   2.441652      1.0768677E-14  1.9872992E-14
 -2.9873565E-10 -2.1520126E-10 -5.6710783E-15  3.2196468E-14  8.3736906E-11
  3.5983175E-11 -2.3894993E-17  2.2759572E-15  1.4023679E-13  1.7412746E-17
  2.7188126E-13  -1.801513     -1.0867799E-14  9.9920072E-16 -2.8746150E-10
 -1.5796889E-10  6.0686290E-15  1.7319479E-14  8.2084138E-11  2.6047768E-11
 -8.0502223E-16  3.4833247E-15  1.4023049E-13  8.2282309E-17  3.5016315E-13
  -1.535278      1.4755857E-15  3.4861003E-14 -2.7674280E-10 -8.4941651E-11
 -3.2523115E-15 -4.5963233E-14  8.0678075E-11  1.3998096E-11 -1.4304147E-16
  9.5756736E-16  1.4028816E-13  1.0858896E-16  5.5585923E-13  -2.551485    
 -9.0863617E-16 -4.5519144E-15 -2.6743227E-10 -4.1490422E-12  8.7932539E-16
 -1.5321078E-14  7.9191584E-11  4.9174553E-13  5.2026749E-16  2.0261570E-15
  1.4044899E-13 -6.2064460E-17  1.0442628E-12   1.417096     -4.7106552E-16
  3.1086245E-15 -2.6066885E-10  8.8605137E-11 -3.8827215E-15 -1.1768364E-14
  7.7970665E-11 -1.5098821E-11 -5.1388965E-16 -2.5812685E-15  1.4043142E-13
 -1.4445126E-17  3.5334482E-13  0.9105316     -1.6125495E-14  5.0071058E-14
 -2.5420374E-10  1.9180754E-10  2.8939628E-15  1.4210855E-14  7.7018329E-11
 -3.1899455E-11 -5.5653129E-17  3.5249581E-15  1.4040471E-13 -1.7959269E-16
  3.7766936E-13  -1.683921      5.5364373E-15  6.6613381E-15 -2.4855776E-10
  3.0474720E-10 -6.1877832E-15 -7.9936058E-15  7.6328367E-11 -5.0395063E-11
 -1.8319094E-16  4.5796700E-15  1.4053332E-13 -2.8659102E-17  8.6391045E-13
   1.187235      3.0458161E-16  9.1260333E-14 -2.4457625E-10  4.2638121E-10
  2.9133895E-15 -7.8381746E-14  7.5948935E-11 -6.9385893E-11 -2.8604188E-15
 -9.0205621E-16  1.4067263E-13  6.9169653E-16  2.8046757E-13  -2.785787    
 -7.0474221E-15 -5.3956839E-14 -2.4072550E-10  5.5683952E-10 -3.1034521E-15
  6.3060668E-14  7.5790263E-11 -8.9158771E-11 -7.6939751E-16 -3.0392355E-15
  1.4086360E-13  3.8910552E-16  1.2058834E-12   1.299376     -2.4762151E-15
 -1.4876989E-14 -2.3898974E-10  6.8522232E-10 -1.4655150E-15  2.3980817E-14
  7.5520694E-11 -1.1003744E-10  7.0117313E-16  4.4408921E-15  1.4098358E-13
  2.0575653E-16  1.2981085E-13  0.1718977     -5.1498722E-15  2.6867397E-14
 -2.3889760E-10  8.1978002E-10 -1.0423243E-14  1.5543122E-14  7.5433770E-11
 -1.3141155E-10  1.0250346E-15 -1.2392865E-14  1.4098450E-13  4.1778222E-16
  9.7823247E-13  -1.714748      3.7442914E-15  2.0206059E-14 -2.3900207E-10
  9.5854158E-10 -3.2853136E-15 -5.9952043E-15  7.5586329E-11 -1.5288106E-10
  1.3890113E-16  3.2335246E-15  1.4089005E-13  7.1672445E-16  5.7346413E-13
  -1.985247      7.0911481E-17  1.0880186E-14 -2.3966032E-10  1.0981298E-09
 -6.4765821E-15  2.5757174E-14  7.5870810E-11 -1.7497773E-10 -3.4273883E-16
  4.2466031E-15  1.4082318E-13  1.1714009E-15  6.4660367E-14   2.219792    
  3.6791778E-15  8.4376950E-15 -2.4178803E-10  1.2451160E-09 -1.6660429E-15
 -1.7319479E-14  7.6448792E-11 -1.9642504E-10 -7.5203324E-17  5.8980598E-15
  1.4085025E-13  1.3363254E-15  8.8396380E-13  -1.051401      3.5126615E-16
  4.1411319E-14 -2.4430347E-10  1.4026137E-09  1.5863632E-15  1.3766766E-14
  7.7260795E-11 -2.1656039E-10  1.1331166E-17 -1.0949575E-14  1.4100808E-13
  1.3591459E-15  6.6657893E-13  -1.121451      6.4392938E-16 -1.6209256E-14
 -2.4711075E-10  1.5472240E-09  1.9539926E-15 -9.1038288E-15  7.7922446E-11
 -2.3838892E-10 -1.8318680E-16  4.1494586E-15  1.4122258E-13  1.9759974E-15
