          50           1           6           6           0
 --- Force ---
           1           1           1
           2           1           2
           3           1           3
           4           1           4
           5           1           5
           6           1           6
 --- Motion ---
           1           1           1
           2           1           2
           3           1           3
           4           1           4
           5           1           5
           6           1           6
  0.0000000E+00
  0.1000000      0.3020408      0.5040816      0.7061225      0.9081632    
   1.110204       1.312245       1.514286       1.716326       1.918367    
   2.120408       2.322449       2.524490       2.726531       2.928571    
   3.130612       3.332653       3.534693       3.736735       3.938775    
   4.140816       4.342857       4.544898       4.746939       4.948979    
   5.151020       5.353061       5.555102       5.757143       5.959183    
   6.161224       6.363265       6.565306       6.767346       6.969387    
   7.171429       7.373469       7.575510       7.777551       7.979591    
   8.181633       8.383674       8.585714       8.787755       8.989796    
   9.191836       9.393878       9.595919       9.797959       10.00000    
 
